Time AverageEpRet StdEpRet MaxEpRet MinEpRet	 EpLen meanHE SDHE SDLP SDspeed	TotalEnvInteracts	LossPi	LossV	DeltaLossPi	DeltaLossV	Entropy	KL	ClipFrac	StopIter	Miles
0	-1373.9417	124.68555	-1205.3362	-1544.6892	1000.0	0.026646921	1.0172687	2.6771266	-2.4214995	4000	-1.3875962e-07	16686.707	-0.07179756	-1578.7178	5.5333734	0.0149866715	0.33975	61.0	5.3382344245910645
1	-1379.221	65.672325	-1280.5195	-1444.0875	1000.0	-6.0285187	4.374431	10.023335	-14.770221	8000	-1.2302398e-07	15216.767	-0.039750863	-3589.3682	5.515547	0.016302317	0.1825	17.0	9.618921279907227
2	-1286.9508	131.04716	-1095.8835	-1452.6019	1000.0	-22.181946	5.8120174	23.778835	-24.496944	12000	7.724762e-08	10062.204	-0.0124810105	-1522.456	5.481325	0.01797268	0.22075	4.0	13.650273561477661
3	-1239.8342	109.75655	-1059.6497	-1345.6407	1000.0	-30.821459	1.5540806	-4.9813843	-31.233349	16000	-3.963709e-08	7907.76	-0.029660342	-942.2046	5.4835186	0.018794173	0.236	12.0	17.793530464172363
4	-1217.9104	67.629875	-1119.7587	-1282.9321	1000.0	-36.77739	0.4595965	-27.85763	-36.91804	20000	-1.6158819e-07	6583.257	-0.034137465	-744.126	5.5296574	0.016157584	0.2345	14.0	21.98578429222107
5	-937.3466	70.25572	-851.0154	-1046.4907	1000.0	-41.879753	0.63437593	-24.547447	-42.043365	24000	-3.5762786e-09	2956.6108	-0.05098847	-273.13037	5.451555	0.015866816	0.26575	31.0	26.453205347061157
6	-943.9236	91.92013	-839.0624	-1086.969	1000.0	-45.233463	0.21295156	-40.905556	-45.31324	28000	-3.838539e-08	2590.0112	-0.047777407	-227.01611	5.355127	0.015414385	0.23375	28.0	31.053396463394165
7	-970.77075	132.51888	-766.5861	-1134.0444	1000.0	-48.26794	0.15637967	-44.60279	-48.32111	32000	-2.2530555e-08	2220.7395	-0.028195767	-244.95007	5.3238387	0.017206145	0.1965	13.0	35.71695590019226
8	-864.4767	65.02138	-808.3406	-974.489	1000.0	-51.47426	0.14745368	-47.58897	-51.523724	36000	-4.6491624e-09	1660.3552	-0.046658345	-127.95715	5.4002953	0.0156304	0.25825	23.0	40.23309516906738
9	-902.1189	104.529915	-788.8733	-1068.6323	1000.0	-53.927525	0.17774373	-49.293518	-53.968395	40000	-2.7418137e-09	1417.9537	-0.035765294	-125.183716	5.24269	0.015541418	0.20075	15.0	44.779043674468994
10	-854.54236	225.59123	-507.85486	-1138.308	1000.0	-56.34758	0.21422589	-49.691788	-56.40739	44000	-3.3378602e-09	1622.5455	-0.011662214	-82.30176	5.3050656	0.018903833	0.21975	4.0	49.6916606426239
11	-735.2007	85.07453	-638.71936	-822.75885	1000.0	-58.259655	0.9250454	-35.425137	-58.42774	48000	4.2438508e-08	724.60474	-0.044059895	-17.45575	5.344759	0.016839927	0.2505	20.0	54.200921058654785
12	-660.5085	90.02991	-589.1393	-813.917	1000.0	-58.79624	2.7367563	-4.012266	-59.352127	52000	-8.5830685e-09	631.8578	-0.033569053	-38.40924	5.2719893	0.015606711	0.20975	15.0	58.122933864593506
13	-722.3728	227.11333	-455.484	-1076.5884	1000.0	-56.630405	7.3754444	41.6894	-59.6423	56000	1.8715859e-08	1307.0425	-0.038203716	-82.968506	5.263169	0.015559449	0.217	17.0	62.55423069000244
14	-532.96783	46.364506	-491.77206	-609.67194	1000.0	-53.934166	12.495693	52.800827	-60.52868	60000	9.059906e-09	519.8716	-0.044476938	-175.20401	5.2435412	0.016144564	0.23	21.0	66.98689699172974
15	-549.9304	44.68017	-496.85962	-601.2626	1000.0	-48.863873	10.796538	11.917804	-60.297855	64000	-1.5735626e-08	414.14444	-0.014881392	-49.64853	5.243368	0.017966475	0.2405	5.0	71.21175932884216
16	-689.2727	151.719	-453.10138	-857.2084	1000.0	-48.14764	8.616431	4.4007397	-60.267986	68000	8.5830685e-09	909.5839	-0.04223688	-217.34442	5.2423573	0.016842162	0.2255	21.0	75.73038125038147
17	-453.34967	124.96816	-297.34122	-598.1308	1000.0	-55.25242	9.557219	29.941803	-60.877182	72000	1.4781952e-08	777.89087	-0.043532357	-288.32535	5.200131	0.016188258	0.209	21.0	80.16291213035583
18	-489.14832	43.563583	-418.681	-538.0006	1000.0	-43.101665	10.793885	25.651611	-60.339127	76000	1.3828277e-08	420.8199	-0.04132728	-69.735016	5.2498612	0.01645676	0.2225	17.0	84.72693943977356
19	-565.0844	56.174816	-485.96915	-626.2218	1000.0	-45.732048	8.132176	6.924979	-60.201847	80000	-5.722046e-09	458.7788	-0.013473883	-64.427734	5.188595	0.017463302	0.20075	5.0	88.80413603782654
20	-384.01855	24.463497	-344.89188	-405.03262	1000.0	-47.27802	7.9523044	4.3729935	-60.433487	84000	5.9604646e-09	496.04706	-0.04357795	-186.5813	5.1125774	0.01598637	0.2245	20.0	93.50563645362854
21	-432.4876	135.07256	-224.73187	-570.87415	1000.0	-36.490913	7.3851113	5.322072	-59.858677	88000	-2.0980835e-08	460.23462	-0.04046629	-58.135376	5.1082373	0.0157923	0.238	17.0	97.72747826576233
22	-450.45386	91.77368	-356.70233	-542.24286	1000.0	-38.151146	9.726865	8.247804	-59.958595	92000	3.2901763e-08	323.2228	-0.04071066	-38.886627	5.1129427	0.01710186	0.23075	19.0	101.82292413711548
23	-527.80225	36.838203	-492.70093	-581.3696	1000.0	-43.4863	6.829992	-7.644364	-59.832172	96000	2.336502e-08	265.4019	-0.04055371	-54.425507	5.105296	0.016409691	0.22725	17.0	105.92172122001648
24	-494.11816	102.976326	-382.14792	-636.72034	1000.0	-47.2768	4.4534407	-19.99065	-60.080624	100000	9.059906e-09	355.54205	-0.041066244	-46.18628	5.112494	0.016633442	0.21775	18.0	110.5150899887085
25	-528.93726	27.315416	-500.76346	-572.53284	1000.0	-44.37574	4.379623	-7.9618645	-59.95024	104000	1.180172e-08	205.79906	-0.038121708	-40.690308	5.0348425	0.016905142	0.18925	16.0	114.4907820224762
26	-401.1977	116.70427	-207.38518	-509.2062	1000.0	-45.259384	7.3483167	-3.2975883	-59.972015	108000	0.0	353.8831	-0.031647213	-145.74014	4.9742417	0.016611159	0.19025	13.0	118.57411646842957
27	-476.72165	96.8627	-320.30975	-576.46747	1000.0	-39.785156	11.073326	3.2195792	-59.42763	112000	-1.859665e-08	287.63235	-0.016177636	-44.717484	4.9716377	0.017538602	0.245	6.0	122.93702936172485
28	-354.22092	66.6242	-278.57056	-460.84576	1000.0	-37.853912	10.22309	2.0146546	-59.529545	116000	-2.4795533e-08	349.50394	-0.044274487	-49.31369	5.0227566	0.015944066	0.24175	20.0	127.34390616416931
29	-438.31497	68.883026	-360.30606	-512.4359	1000.0	-37.776993	11.264355	19.474598	-59.225376	120000	-1.859665e-08	295.2794	-0.016593851	-46.994385	4.9852333	0.019923825	0.249	5.0	131.5179569721222
30	-446.08344	103.73634	-273.05878	-536.7243	1000.0	-41.798103	7.9094777	4.099899	-59.084816	124000	-1.2159347e-08	276.74594	-0.016168764	-31.679	5.011134	0.020406304	0.25775	5.0	136.24079537391663
31	-473.92096	22.904457	-452.8484	-512.6347	1000.0	-39.055103	10.244769	15.758155	-58.412674	128000	1.6212464e-08	304.2358	-0.015068188	-70.559525	4.9841576	0.015961625	0.21125	6.0	140.7680914402008
32	-435.23093	60.651787	-343.30215	-505.49057	1000.0	-43.79424	7.273073	12.023066	-59.181004	132000	-4.768372e-10	295.7258	-0.036273737	-40.875504	4.966331	0.016670464	0.175	15.0	145.1011300086975
33	-450.79095	66.04521	-347.2279	-512.2248	1000.0	-40.45214	7.5466533	5.738654	-58.621723	136000	1.9729137e-08	236.95346	-0.018777974	-35.34871	4.9845877	0.015636725	0.24725	7.0	149.18235325813293
34	-419.739	69.94143	-303.4358	-488.95148	1000.0	-39.661564	10.176969	15.49694	-58.552097	140000	5.722046e-09	270.41843	-0.045575306	-43.212433	4.9335213	0.015919084	0.22275	21.0	153.4752004146576
35	-361.14877	74.90823	-295.83185	-481.12405	1000.0	-36.867344	6.6682386	2.94764	-57.82142	144000	-1.3589859e-08	270.51254	-0.015865324	-48.13846	5.0014157	0.018435441	0.22025	5.0	157.8760266304016
36	-418.38068	29.469284	-374.75818	-456.32626	1000.0	-39.461773	7.9395375	2.614646	-57.480022	148000	4.7683715e-09	179.4976	-0.01386855	-20.47734	4.908656	0.019314317	0.273	5.0	162.28859043121338
37	-392.7083	104.33247	-229.10196	-503.3932	1000.0	-35.696754	10.8514805	2.0770583	-56.475918	152000	-4.768372e-10	246.30228	-0.013906131	-30.444046	4.9271445	0.02184849	0.308	5.0	166.55212450027466
38	-292.77438	80.567	-161.5725	-368.30542	1000.0	-32.21267	12.289027	23.661339	-54.86866	156000	1.525879e-08	253.28116	-0.050595816	-52.26732	4.9184046	0.015905006	0.259	26.0	170.92445635795593
39	-331.6184	69.888374	-231.82632	-424.08865	1000.0	-28.118786	10.27582	1.4240676	-53.20216	160000	4.2915342e-09	165.16327	-0.01819103	-36.861374	4.8772607	0.0161455	0.244	6.0	175.1328330039978
40	-450.44257	14.91899	-430.00992	-471.59726	1000.0	-32.937756	5.660721	-3.3183002	-53.621407	164000	-9.775162e-09	265.68942	-0.04566898	-75.03511	4.938491	0.015885316	0.24625	23.0	179.764986038208
41	-397.9585	21.900328	-372.5356	-431.489	1000.0	-40.949333	5.3897367	9.424413	-54.770576	168000	5.722046e-09	171.92072	-0.027391143	-32.38629	4.824088	0.01539824	0.18925	10.0	183.72573280334473
42	-318.27658	47.90834	-268.94052	-376.02695	1000.0	-30.979563	10.436848	14.578094	-53.00725	172000	-4.2915342e-09	176.18799	-0.024601879	-22.75795	4.834278	0.015956165	0.16325	9.0	187.82402896881104
43	-375.46466	28.925169	-335.51968	-410.9446	1000.0	-33.041325	7.7213197	0.9471189	-50.70868	176000	5.722046e-09	162.13248	-0.049658224	-17.904892	4.8284154	0.01695245	0.27525	25.0	192.1640100479126
44	-301.58514	34.836845	-268.4038	-356.54758	1000.0	-32.102272	7.086629	6.006609	-49.680523	180000	2.002716e-08	274.01132	-0.043073904	-53.697464	4.8866396	0.016287273	0.2105	19.0	196.64757251739502
45	-410.54767	69.77481	-302.47903	-475.2592	1000.0	-34.3887	5.773813	-0.70777035	-50.783516	184000	-9.059906e-09	196.16412	-0.017163292	-53.491653	4.834856	0.016878262	0.25325	6.0	200.9207603931427
46	-307.22833	81.22207	-191.76079	-412.93207	1000.0	-28.79321	12.880866	10.365514	-51.730488	188000	-1.1920929e-08	295.50443	-0.012987729	-99.749695	4.7627916	0.016784295	0.22875	5.0	204.90100622177124
47	-379.5447	48.582275	-299.32764	-428.44678	1000.0	-30.305527	4.8731318	-4.242386	-48.276573	192000	-2.1457671e-09	165.59685	-0.012100002	-36.584625	4.755081	0.020746268	0.21675	4.0	209.56898832321167
48	-335.87448	53.38044	-251.30916	-398.9189	1000.0	-33.396263	7.0494313	-4.621587	-52.685326	196000	-1.2993812e-08	179.8839	-0.044981297	-27.626251	4.7769217	0.016068675	0.2305	20.0	214.28341484069824
49	-327.29504	80.56216	-207.41202	-433.68887	1000.0	-29.150293	10.956899	5.95795	-47.45579	200000	6.437302e-09	217.9273	-0.04130239	-37.095337	4.7697263	0.016246	0.2215	19.0	218.80047035217285
50	-266.75656	92.73257	-181.82277	-416.22086	1000.0	-27.87925	7.8957844	10.572143	-46.975048	204000	3.385544e-08	165.62877	-0.039574962	-35.315887	4.760922	0.016468033	0.19925	16.0	223.46326184272766
51	-318.56396	89.24197	-192.09605	-406.99246	1000.0	-27.697474	7.859215	3.8852816	-44.74066	208000	6.437302e-09	188.66132	-0.028553303	-25.776016	4.7532063	0.015820771	0.1915	10.0	227.8700921535492
52	-256.07248	122.99731	-104.20589	-382.8324	1000.0	-28.129498	10.088402	12.469298	-44.99309	212000	-3.5762786e-09	203.82857	-0.044059627	-68.756744	4.7141376	0.016516317	0.22	21.0	232.04960203170776
53	-275.22946	95.00128	-196.41405	-437.6641	1000.0	-21.415804	13.650676	14.698369	-45.621204	216000	4.768372e-10	213.086	-0.01689733	-48.443893	4.6691813	0.018461118	0.19225	6.0	235.90278244018555
54	-239.00278	42.34046	-171.25931	-287.47815	1000.0	-22.170094	11.276092	19.467607	-43.497864	220000	-2.0503998e-08	215.65588	-0.04175792	-27.687439	4.6810937	0.01576009	0.21625	18.0	240.07758355140686
55	-216.01718	46.654064	-171.47247	-289.80035	1000.0	-18.270191	10.246944	12.897276	-43.52163	224000	-2.1219254e-08	269.8351	-0.015753357	-33.119125	4.6985025	0.017194605	0.221	5.0	244.07069420814514
56	-285.34912	143.97696	-115.863045	-430.28644	1000.0	-24.325642	11.451716	16.776485	-41.737003	228000	-5.722046e-09	237.96014	-0.04408249	-42.970963	4.671314	0.016079327	0.252	20.0	248.34283256530762
57	-290.80173	60.785732	-186.17824	-336.69434	1000.0	-23.164888	12.480907	12.621121	-46.067078	232000	7.629395e-09	254.98384	-0.045688502	-78.612335	4.654019	0.016622229	0.25425	21.0	252.72187042236328
58	-210.92497	119.584564	-91.488235	-380.9303	1000.0	-25.70558	6.9672384	5.839209	-40.67327	236000	9.536744e-10	306.2673	-0.016988268	-90.84413	4.6195135	0.013749214	0.21775	5.0	257.20904636383057
59	-278.8422	50.36738	-198.17981	-334.36975	1000.0	-21.893871	11.461831	12.816958	-42.52638	240000	-3.027916e-08	212.2645	-0.05977263	-38.092834	4.612348	0.01613944	0.298	31.0	261.60721135139465
60	-200.0715	36.14048	-167.59465	-259.17957	1000.0	-20.437605	9.413229	10.189026	-44.859856	244000	-8.8214875e-09	217.7464	-0.045546222	-33.99489	4.5461664	0.016798481	0.23775	19.0	266.3795528411865
61	-147.71565	82.83668	-60.054474	-233.07872	1000.0	-17.65363	9.795211	19.000814	-38.644432	248000	1.9788741e-08	283.75778	-0.014716514	-60.152298	4.528078	0.01656663	0.1955	5.0	270.5248830318451
62	-165.25851	31.015335	-111.945694	-188.22684	1000.0	-9.977305	7.8443103	20.854637	-36.719727	252000	-9.059906e-09	332.25906	-0.038958408	-63.04236	4.564557	0.015523962	0.20975	18.0	275.00298738479614
63	-298.1512	77.94291	-211.73294	-401.4114	1000.0	-25.895538	11.885336	31.209867	-45.8118	256000	1.0490417e-08	132.20609	-0.05445252	-27.865402	4.52683	0.015361597	0.26975	32.0	279.6622371673584
64	-302.19855	39.763664	-260.9329	-356.2287	1000.0	-27.884722	10.998749	15.032223	-42.512375	260000	9.894371e-09	138.4906	-0.019594582	-30.582588	4.5052032	0.015282848	0.243	6.0	284.2436099052429
65	-243.85997	101.50709	-75.77241	-344.47922	1000.0	-26.526844	7.777724	14.464794	-40.366596	264000	3.3378602e-09	234.06009	-0.0135171525	-54.651886	4.5080237	0.017347619	0.22225	4.0	288.4988842010498
66	-154.25887	120.01554	1.8914655	-335.32156	1000.0	-19.555687	13.5731735	26.640272	-40.38499	268000	4.1782855e-08	279.21255	-0.018494295	-61.966644	4.5289364	0.01533395	0.2015	6.0	292.5797519683838
67	-161.13857	39.22888	-93.50039	-189.77959	1000.0	-9.648857	10.606714	24.42692	-35.87087	272000	3.3378602e-09	271.1506	-0.019273581	-62.001755	4.522212	0.016192865	0.22325	6.0	296.91109323501587
68	-228.44531	82.4783	-151.82141	-362.5755	1000.0	-14.432716	8.086095	18.472122	-38.282623	276000	-2.169609e-08	296.91858	-0.040229302	-66.353836	4.471672	0.016117163	0.2315	17.0	301.3216199874878
69	-185.6911	147.38782	27.483889	-375.97275	1000.0	-23.66334	10.561967	18.334856	-44.163868	280000	-5.3048135e-09	301.83487	-0.014138185	-72.47305	4.5165176	0.019931106	0.24175	5.0	305.34152460098267
70	-203.11426	83.43352	-95.92539	-304.59445	1000.0	-17.111607	12.674883	15.35253	-40.76802	284000	-4.7683715e-09	196.94228	-0.047111448	-33.139877	4.444051	0.015433298	0.25525	19.0	310.04249358177185
71	-137.47723	162.41928	45.87213	-316.76944	1000.0	-17.113562	10.696431	18.489985	-42.647682	288000	-2.2888184e-08	330.94775	-0.0506662	-71.767944	4.4283586	0.015788548	0.24525	22.0	314.51015734672546
72	-182.25407	99.68663	-19.606634	-291.07675	1000.0	-12.103664	12.931645	23.676998	-41.90961	292000	-5.2452087e-09	216.80605	-0.053256147	-62.80432	4.4280343	0.015348715	0.25775	26.0	318.85932993888855
73	-123.104034	20.825891	-87.639915	-140.10268	1000.0	-16.287617	9.254764	18.563168	-38.47703	296000	-1.9073487e-09	218.4999	-0.03933939	-46.583817	4.4377375	0.016745402	0.199	14.0	323.4350435733795
74	-111.6219	74.5996	-13.229857	-207.98886	1000.0	-12.180424	12.672942	22.330555	-36.594	300000	-3.385544e-08	249.144	-0.018111335	-39.210068	4.4077344	0.016803142	0.21725	6.0	327.75194096565247
75	-194.9386	75.778145	-114.62502	-319.1942	1000.0	-14.860062	14.450206	17.421238	-40.167988	304000	2.0980835e-08	191.06071	-0.036958825	-42.721466	4.344048	0.017031388	0.194	16.0	332.11843395233154
76	-157.50632	111.05996	-21.252508	-330.68234	1000.0	-16.45213	11.226363	15.356178	-39.712925	308000	2.2530555e-08	164.78625	-0.034016278	-24.301407	4.332344	0.016192153	0.20675	13.0	336.2990577220917
77	-153.30006	134.27606	-15.739745	-372.11053	1000.0	-13.904652	12.265111	19.338676	-42.010704	312000	3.671646e-08	187.65982	-0.036297407	-26.79274	4.357857	0.01610049	0.1975	13.0	340.1207549571991
78	-69.61331	106.69258	59.71523	-235.99693	1000.0	-12.600377	13.81052	24.37667	-42.934208	316000	-1.9073487e-09	204.15608	-0.033301562	-77.86344	4.338722	0.017042547	0.25625	14.0	344.27763056755066
79	-141.71718	135.95831	49.2874	-326.56116	1000.0	-9.703309	14.3375225	29.670221	-39.552643	320000	9.536743e-09	224.03833	-0.056496315	-42.326202	4.290108	0.015355447	0.27475	29.0	348.623309135437
80	-150.55565	86.76844	-45.182198	-277.6375	1000.0	-11.393178	13.2124	21.293234	-39.21978	324000	-1.8835069e-08	129.47281	-0.048743445	-26.27073	4.28077	0.01592109	0.24575	21.0	353.62698674201965
81	-53.695415	14.121326	-39.58011	-77.19847	1000.0	-8.585054	7.2856708	15.6346	-29.963888	328000	1.1920929e-08	230.33185	-0.042911	-46.21579	4.3125277	0.015995884	0.221	18.0	357.8087730407715
82	-120.259995	29.973848	-73.76826	-156.77147	1000.0	-4.6953297	7.248319	24.598427	-29.883219	332000	-1.7166137e-08	209.69359	-0.06730274	-51.433487	4.2459764	0.01508728	0.316	45.0	362.2641530036926
83	-11.788371	42.60461	61.158264	-46.608265	1000.0	-8.015428	5.6591825	16.29716	-27.369823	336000	2.4795533e-08	217.35484	-0.019314704	-89.052795	4.169532	0.018113624	0.2265	5.0	366.5471007823944
84	-44.377617	37.200916	-12.042616	-107.60207	1000.0	-1.7452648	7.278809	22.489145	-26.213633	340000	8.34465e-09	107.55241	-0.02915266	-18.476646	4.2171426	0.017123463	0.212	11.0	370.915087223053
85	-121.35797	72.888054	-11.726381	-189.63239	1000.0	-5.1279125	7.433559	17.667622	-36.526054	344000	1.7881393e-09	263.88144	-0.043698728	-69.98404	4.210674	0.016712002	0.234	19.0	375.0797441005707
86	-55.162827	38.262302	7.664762	-95.98563	1000.0	-9.110987	7.2236147	20.723257	-34.355362	348000	1.0371208e-08	185.70987	-0.015824407	-31.30426	4.2066584	0.020515392	0.24625	5.0	379.4388768672943
87	-36.752342	94.452644	93.24314	-161.49611	1000.0	-5.709582	6.6170406	17.253168	-25.054632	352000	2.3722649e-08	231.58484	-0.055941597	-34.932495	4.215308	0.015563088	0.285	30.0	383.9044945240021
88	-183.90704	184.2106	15.599396	-376.54614	1000.0	-12.842743	12.767555	27.583506	-33.93613	356000	-5.0544738e-08	265.9256	-0.040471613	-105.09288	4.1939783	0.015741576	0.2115	16.0	388.0249319076538
89	-43.617897	102.753845	70.47321	-185.80083	1000.0	-6.24279	11.494724	30.540928	-43.85103	360000	1.2874604e-08	233.42316	-0.017779317	-48.15178	4.1642647	0.013753651	0.182	5.0	392.25909543037415
90	-81.47664	166.9463	48.098877	-364.58328	1000.0	-7.7731776	11.928232	24.635067	-35.8205	364000	-4.7683715e-09	192.60027	-0.05309355	-64.42876	4.070021	0.015635498	0.26025	26.0	397.3264741897583
91	15.4332	77.60642	148.96323	-37.956326	1000.0	-0.028607162	7.823132	29.174559	-28.952581	368000	1.001358e-08	261.44327	-0.023840282	-37.74533	4.080842	0.014804447	0.193	8.0	401.7445619106293
92	-13.764162	47.602478	31.576763	-88.260025	1000.0	-0.30981633	11.459685	29.730064	-41.256203	372000	3.5464765e-08	212.62256	-0.015864216	-36.668396	4.0702744	0.016444536	0.18225	5.0	406.18289852142334
93	-16.451874	34.38249	22.575747	-70.47204	1000.0	0.19049731	6.458073	25.99746	-22.27387	376000	-7.867813e-09	167.24193	-0.044462096	-34.671494	4.0617037	0.017049305	0.23575	19.0	410.84238743782043
94	-10.350262	61.261147	26.9795	-116.43403	1000.0	-3.2256236	8.839541	25.56608	-37.635468	380000	5.722046e-09	188.5386	-0.03978613	-32.95685	4.0989847	0.017762352	0.22525	13.0	415.13409876823425
95	5.8869557	43.815228	53.809063	-62.682976	1000.0	0.9543687	7.4004083	28.054588	-26.193346	384000	3.5762787e-10	221.40282	-0.015248898	-30.264374	4.05494	0.017255519	0.21975	5.0	419.4116356372833
96	-6.90884	123.12002	155.50768	-138.70593	1000.0	0.98093337	6.649023	30.630835	-31.125189	388000	9.536743e-09	269.3152	-0.01266813	-42.899933	4.0460744	0.020086708	0.236	4.0	423.5458960533142
97	13.199269	95.305115	136.24411	-126.11305	1000.0	0.42879575	8.280878	32.49124	-26.158007	392000	1.1563301e-08	231.98865	-0.017810987	-55.237396	4.0227194	0.015931679	0.14275	6.0	427.59529876708984
98	40.513885	60.358143	104.3877	-23.86184	1000.0	3.487248	7.0855	28.274172	-30.69713	396000	-1.6689301e-09	246.44101	-0.009727801	-49.53688	4.039	0.02263721	0.2265	3.0	431.65739607810974
99	93.32064	90.84658	156.04283	-63.639965	1000.0	2.3041496	9.69355	27.23217	-33.768654	400000	-6.556511e-09	216.41937	-0.048990007	-60.00409	4.024521	0.016350724	0.248	23.0	435.73933458328247
100	90.33347	27.272507	133.06268	57.390312	1000.0	9.111627	6.7286906	29.393951	-16.696484	404000	-1.859665e-08	196.2177	-0.05315342	-38.021637	4.0485396	0.0154929925	0.259	26.0	440.4976212978363
101	13.0219755	49.56761	73.1464	-59.234634	1000.0	7.492988	8.683308	31.395515	-23.327772	408000	-2.503395e-09	242.66977	-0.045055673	-64.450714	4.0243382	0.016560003	0.23175	17.0	444.53034949302673
102	105.787315	89.660835	196.4988	-26.166277	1000.0	3.119938	7.8944426	30.207623	-20.257824	412000	1.1920929e-08	312.1401	-0.042983953	-77.74675	3.9760249	0.015580263	0.25425	19.0	448.6521484851837
103	64.82615	14.6484785	85.15846	49.789177	1000.0	8.62842	8.115007	35.628277	-17.495653	416000	1.6450882e-08	152.67328	-0.043483537	-31.888634	3.9572666	0.016101895	0.23725	17.0	453.0300807952881
104	105.03665	25.138155	130.33018	78.74298	1000.0	6.605234	6.846213	33.583485	-12.471838	420000	1.180172e-08	112.643585	-0.016494157	-23.397743	4.0171003	0.012950876	0.1985	5.0	457.2130696773529
105	16.269268	141.97362	189.07146	-206.27885	1000.0	5.822496	10.742515	29.570208	-27.97131	424000	-5.352497e-08	227.9822	-0.04359002	-75.15431	3.9661753	0.016086455	0.208	18.0	461.54734992980957
106	98.90052	79.5127	199.67786	-18.42182	1000.0	8.088354	8.580482	36.784386	-30.128653	428000	1.26361845e-08	252.8301	-0.043797728	-39.285873	3.9660826	0.016519662	0.245	19.0	465.32389998435974
107	142.06583	68.39926	250.55028	77.16777	1000.0	9.061373	8.728348	35.975513	-21.270853	432000	1.835823e-08	215.15926	-0.03995676	-47.63092	3.8907359	0.01595499	0.22275	15.0	469.4595079421997
108	95.64943	55.47981	184.77707	32.079777	1000.0	12.766707	8.59462	39.435825	-28.098251	436000	1.5497208e-09	242.98425	-0.040091675	-47.455826	3.9857292	0.015812982	0.22475	17.0	474.0412735939026
109	29.518457	48.67278	73.137535	-53.036602	1000.0	7.668007	6.694922	37.26156	-14.451213	440000	1.2159347e-08	196.49165	-0.040805135	-50.004242	3.854792	0.01687478	0.24075	17.0	478.4322690963745
110	12.939613	104.33297	104.12042	-159.36206	1000.0	-0.034582518	11.690307	28.034782	-40.03468	444000	4.529953e-09	179.31593	-0.034660824	-40.340088	3.8651533	0.016794484	0.20875	12.0	483.66560912132263
111	151.44434	74.855675	227.75511	31.70082	1000.0	7.3216705	7.534554	31.740215	-24.89207	448000	-9.059906e-09	270.6236	-0.032750603	-76.96585	3.8867955	0.016041022	0.17075	13.0	488.2731249332428
112	131.39233	114.550354	289.73965	12.777254	1000.0	13.781198	8.037246	39.984943	-15.442435	452000	-1.8119811e-08	317.35965	-0.01329477	-48.65622	3.881719	0.02268453	0.31925	4.0	492.3834660053253
113	87.74434	74.132545	183.27112	-21.250477	1000.0	10.221452	9.172593	43.70802	-24.231882	456000	5.4836273e-09	218.64244	-0.0370192	-33.232315	3.8343022	0.015340812	0.21025	14.0	496.7975311279297
114	76.14711	115.93656	230.8781	-85.43099	1000.0	10.894924	8.2312155	38.527504	-17.22296	460000	2.4795533e-08	303.15588	-0.013652641	-55.533493	3.8515882	0.013497574	0.17425	5.0	500.9222819805145
115	187.52448	107.24142	356.00815	58.22706	1000.0	9.7662525	9.070721	39.484257	-30.809359	464000	1.3351441e-08	292.34662	-0.011829777	-82.7639	3.81248	0.017931338	0.20925	4.0	505.3626000881195
116	49.807476	172.78049	200.45706	-243.60353	1000.0	6.541078	17.699743	41.074768	-41.103336	468000	2.8133393e-08	231.87161	-0.035844613	-79.88637	3.8370304	0.015896272	0.22125	14.0	509.85441493988037
117	80.55196	240.48003	379.13635	-279.17636	1000.0	4.066863	22.835281	41.51711	-48.906513	472000	4.6491624e-09	291.45175	-0.036214244	-52.69139	3.7890313	0.016912147	0.2055	13.0	514.3375046253204
118	142.06462	72.24968	195.8651	19.757261	1000.0	16.23573	10.284182	44.810493	-26.068512	476000	-1.257658e-08	231.85075	-0.016783938	-47.20616	3.8031118	0.01712327	0.23475	5.0	518.5853974819183
119	129.6552	82.254745	237.32549	30.470627	1000.0	14.401436	8.214488	38.900497	-21.39286	480000	2.002716e-08	291.80072	-0.044624906	-58.09909	3.8601642	0.01502336	0.264	19.0	522.8922054767609
120	162.94888	46.36025	213.18452	96.86173	1000.0	11.542491	9.53355	42.641376	-23.196352	484000	-1.4305114e-08	208.85452	-0.012299466	-45.995056	3.7753747	0.017593063	0.24925	4.0	527.478129863739
121	179.62076	68.81758	247.86961	72.54697	1000.0	13.8553705	9.133169	42.94148	-37.95727	488000	5.543232e-09	216.95667	-0.031187212	-35.66539	3.7616587	0.015848367	0.18725	12.0	531.9137582778931
122	52.761124	231.79372	255.38678	-340.96762	1000.0	8.499851	16.786535	41.80727	-37.228573	492000	-1.168251e-08	282.74185	-0.03707653	-118.98041	3.7420914	0.016060693	0.20925	14.0	536.1689710617065
123	225.05838	31.649368	279.133	199.12584	1000.0	15.017666	9.741152	41.44578	-16.651957	496000	-3.6239623e-08	294.0948	-0.041120317	-90.72772	3.7651558	0.016008703	0.22075	17.0	540.4156572818756
124	200.25365	76.58795	310.98764	97.171326	1000.0	21.116848	6.9961042	43.369164	-8.136004	500000	4.768372e-10	269.7295	-0.037102953	-40.78784	3.7165723	0.015557329	0.20375	14.0	544.5532066822052
125	246.52751	134.83487	385.755	67.16553	1000.0	19.711735	7.0123334	42.619137	-11.64036	504000	-5.2452087e-09	336.1486	-0.042379323	-56.09659	3.7000089	0.016283989	0.25225	20.0	548.5726923942566
126	242.39703	46.109398	299.9837	173.35704	1000.0	22.492113	9.168866	51.675804	-13.210002	508000	-2.384186e-10	268.06833	-0.045222282	-41.11699	3.664826	0.016588543	0.24875	20.0	553.1298429965973
127	271.8887	11.024347	290.30884	261.52673	1000.0	21.576027	8.678531	46.78854	-14.416462	512000	-7.152557e-09	147.90521	-0.03994829	-35.342033	3.7130888	0.01616584	0.226	18.0	557.6026339530945
128	234.01141	30.561935	262.96875	182.79195	1000.0	24.206055	6.1995597	44.123158	-3.455731	516000	-5.722046e-09	219.66331	-0.047457825	-35.07518	3.6186342	0.015141203	0.26225	22.0	561.8013296127319
129	185.56487	61.95007	256.77585	114.35411	1000.0	21.111113	7.8020954	46.962994	-10.511406	520000	1.9073487e-09	227.43765	-0.042617794	-47.083115	3.609153	0.016075635	0.226	19.0	566.3793797492981
130	221.02614	77.51633	300.32846	94.801094	1000.0	17.368893	8.206436	40.988724	-17.505064	524000	7.867813e-09	193.71402	-0.046550274	-33.899994	3.5708525	0.01589336	0.26275	21.0	571.2734546661377
131	166.20088	59.99459	219.44063	65.67864	1000.0	16.558952	15.516542	45.60354	-51.417225	528000	-1.1444092e-08	160.2176	-0.03710626	-36.438934	3.5779138	0.016417792	0.215	14.0	575.4794826507568
132	235.71558	44.66357	295.15662	179.32742	1000.0	21.081982	6.4399734	45.890285	-13.704364	532000	1.5974045e-08	147.80615	-0.03363401	-23.23529	3.5617802	0.016415643	0.20025	12.0	579.7319226264954
133	270.76074	73.39178	379.8047	174.6559	1000.0	21.92612	6.063004	43.634327	-5.2755013	536000	3.385544e-08	317.25226	-0.04038006	-59.72	3.540312	0.017552245	0.24825	17.0	584.2385017871857
134	268.95682	42.494457	317.75302	215.64413	1000.0	25.140472	8.352618	45.84104	-21.350586	540000	3.8146974e-09	205.19688	-0.015679259	-34.711792	3.5698845	0.016215038	0.1835	5.0	588.6318032741547
135	264.18692	58.43624	311.22052	164.21742	1000.0	24.616558	6.890378	47.388187	-8.82001	544000	-1.692772e-08	307.79318	-0.0491568	-61.32939	3.5391269	0.0152288	0.27125	23.0	592.892982006073
136	243.46024	79.70774	342.80304	152.38953	1000.0	22.750374	10.497928	54.106274	-8.9502735	548000	-1.8239021e-08	240.73094	-0.044107217	-43.218506	3.511438	0.015968563	0.25175	18.0	597.3156373500824
137	323.0058	57.615402	403.45648	247.18175	1000.0	22.575634	9.151823	47.788616	-10.279285	552000	2.5510788e-08	320.7381	-0.032505248	-86.27951	3.5357182	0.016589725	0.1845	12.0	601.690016746521
138	253.7974	116.544876	438.9639	127.40327	1000.0	28.157887	9.069717	54.60646	-6.107402	556000	1.2397766e-08	410.976	-0.047545955	-94.21384	3.495917	0.016224928	0.2705	22.0	606.2849702835083
139	337.84918	67.06737	408.33	243.25026	1000.0	23.96698	8.469912	49.461624	-13.39782	560000	-4.768372e-10	271.09503	-0.05127015	-74.94238	3.478295	0.015115071	0.2515	30.0	610.6689772605896
140	302.61176	162.46756	563.8723	118.51452	1000.0	28.779491	7.3503766	56.06709	-2.5727956	564000	-5.1498414e-08	389.8737	-0.045795083	-71.84512	3.445292	0.016879676	0.25125	18.0	615.6390607357025
141	263.49875	14.409355	281.59	244.09247	1000.0	28.028872	10.748246	57.44441	-10.28986	568000	-5.2452087e-09	222.28767	-0.04515995	-61.038956	3.453787	0.015753081	0.2415	18.0	619.8782765865326
142	299.40787	96.55659	400.9269	163.78467	1000.0	24.432774	7.8302875	49.974174	-11.613125	572000	-5.9127807e-08	340.69412	-0.0345332	-66.85251	3.4613488	0.016682094	0.216	11.0	624.0425786972046
143	288.62994	74.963615	406.96988	200.25484	1000.0	28.646551	9.817818	56.73761	-11.164966	576000	-1.4662743e-08	384.16205	-0.033789415	-64.69107	3.460526	0.016158203	0.22025	12.0	628.1955525875092
144	389.00565	10.598697	405.39185	377.33347	1000.0	26.828035	9.416781	59.422634	-7.139569	580000	4.053116e-09	287.95224	-0.060774412	-101.52568	3.3998208	0.015110226	0.29225	38.0	632.7791454792023
145	182.01208	292.70657	433.55188	-315.09952	1000.0	23.824715	22.326893	60.24856	-38.314854	584000	2.0503998e-08	446.2138	-0.015740752	-233.29712	3.3914487	0.011294506	0.1165	4.0	636.9573180675507
146	370.6902	116.437645	517.59576	229.96992	1000.0	31.44592	7.8586545	56.740864	-2.7693844	588000	-2.360344e-08	322.30707	-0.028016267	-54.903015	3.4168668	0.015064097	0.2	10.0	641.2597517967224
147	295.58038	91.93464	410.26022	159.02347	1000.0	26.847548	21.226835	58.233612	-57.238712	592000	1.6093255e-08	222.2194	-0.041819353	-45.41925	3.3646655	0.01563585	0.23625	17.0	645.8650832176208
148	291.11624	59.734188	378.4823	224.12267	1000.0	33.21117	7.9815583	57.004227	-2.4966805	596000	1.1920929e-08	303.41644	-0.012851746	-81.73248	3.4215708	0.022045765	0.24	3.0	650.3314096927643
149	365.71948	99.13025	494.2436	233.4777	1000.0	26.64106	7.7950006	50.91915	-9.266961	600000	1.4781952e-08	406.3676	-0.010053268	-88.175995	3.4011674	0.015779475	0.16575	4.0	654.5375485420227
150	335.67664	76.24554	459.98276	267.5038	1000.0	32.617477	9.483317	61.56618	0.039923757	604000	-1.0490417e-08	387.2186	-0.046433717	-50.320465	3.3893747	0.01617471	0.24125	23.0	659.7281346321106
151	362.6826	105.12818	531.6409	242.5521	1000.0	31.946592	9.406572	58.61617	-7.017888	608000	8.5830685e-09	371.23517	-0.04454194	-57.551544	3.3666177	0.015229912	0.224	20.0	664.1018309593201
152	237.2865	67.3765	340.52942	161.8979	1000.0	27.46183	16.704277	60.24471	-44.773556	612000	2.6702882e-08	403.02637	-0.05759408	-110.88159	3.3235147	0.01584933	0.275	32.0	668.5786714553833
153	435.2112	69.17221	547.41034	358.19424	1000.0	26.322178	9.316142	57.634018	-8.290004	616000	8.106232e-09	616.3758	-0.04560803	-243.86298	3.2849822	0.016417718	0.25625	19.0	672.7751801013947
154	387.8305	55.991512	478.12964	339.612	1000.0	39.522835	9.846391	66.869415	-10.018057	620000	2.2411346e-08	309.46558	-0.046722263	-58.89792	3.228813	0.01480019	0.25825	21.0	676.8280622959137
155	413.37436	89.4003	493.75418	274.63492	1000.0	36.756947	9.126883	61.089474	4.0334024	624000	-1.8119811e-08	283.45444	-0.06312304	-42.941666	3.3189752	0.015633786	0.31425	36.0	681.3687279224396
156	421.43945	79.95429	546.4269	323.61963	1000.0	37.8988	8.709857	60.87897	1.1619579	628000	1.8119811e-08	284.73624	-0.045021795	-42.382187	3.2106495	0.01551997	0.2365	20.0	685.8595907688141
157	364.35614	70.94241	417.6308	242.40451	1000.0	38.588226	8.666319	65.142715	-1.4168968	632000	-1.4185906e-08	401.29736	-0.0511531	-75.350464	3.2298286	0.015730025	0.28275	25.0	690.3316178321838
158	421.8003	42.648037	482.59555	363.87762	1000.0	33.89758	8.954768	58.480175	-11.469676	636000	1.1920929e-08	281.92255	-0.041772183	-64.5625	3.1864936	0.016573582	0.23775	15.0	694.5479838848114
159	348.43106	37.968758	412.87796	318.32785	1000.0	37.912167	6.504594	63.73072	12.244142	640000	-1.859665e-08	241.20627	-0.029117187	-65.038086	3.1591094	0.01608054	0.223	11.0	698.5473256111145
160	427.07278	42.101574	483.69913	381.8615	1000.0	32.42727	6.5137696	56.663326	11.850963	644000	-2.8371812e-08	307.1503	-0.030809434	-69.413086	3.1759803	0.016208103	0.16875	10.0	703.4183413982391
161	313.84143	50.96236	384.38464	240.68759	1000.0	35.554638	13.281235	58.679585	-36.933372	648000	-7.152557e-09	353.61282	-0.037640136	-85.1904	3.124569	0.016328655	0.2405	15.0	707.7283232212067
162	464.60425	35.90158	502.83514	406.35938	1000.0	33.888676	7.6092906	55.14126	-7.3415923	652000	-3.0994416e-09	362.50214	-0.018989654	-109.73724	3.1159859	0.016606746	0.2395	5.0	711.9023742675781
163	385.80878	44.078148	453.6071	341.93512	1000.0	40.93149	7.7536983	64.08221	-5.6647387	656000	-4.2915342e-09	334.1691	-0.026798118	-66.61282	3.1587071	0.015940506	0.1925	9.0	716.0021393299103
164	57.518864	378.01572	443.48575	-388.90836	1000.0	10.779481	31.125013	61.1341	-47.932663	660000	8.5830685e-09	393.37256	-0.037700787	-152.18127	3.1107867	0.015679412	0.20525	13.0	720.2148864269257
165	431.4701	30.71776	472.56586	396.70294	1000.0	37.467834	9.089223	61.903557	-5.9077144	664000	-1.692772e-08	342.00818	-0.046853952	-53.924164	3.0894184	0.016060902	0.2685	20.0	724.6021213531494
166	406.9878	75.914055	536.5743	344.83948	1000.0	38.932648	8.529931	71.36579	4.289741	668000	1.6689301e-09	292.51974	-0.039676815	-45.855698	3.050292	0.016135395	0.2055	15.0	729.0261268615723
167	380.89584	81.173546	494.54898	302.84332	1000.0	37.700665	7.3397694	64.50653	0.54000205	672000	9.536744e-10	283.37793	-0.044439416	-43.642242	3.1161056	0.01623955	0.26375	19.0	733.2618114948273
168	446.03894	96.10205	576.5428	309.62234	1000.0	35.97413	8.7603655	61.628933	0.3034622	676000	3.8146974e-09	370.4342	-0.042635325	-77.1962	3.122274	0.016615542	0.2675	16.0	737.6888663768768
169	446.45343	116.46611	595.1058	273.4551	1000.0	41.809853	9.434335	68.807945	-8.043911	680000	-1.2874604e-08	326.47147	-0.014557017	-40.846954	3.041459	0.014945472	0.215	4.0	742.018726348877
170	330.09622	175.10132	514.0892	46.306183	1000.0	35.0092	22.308088	67.04077	-44.86631	684000	9.536744e-10	322.0641	-0.042286564	-86.51622	3.0390983	0.015163177	0.28125	18.0	746.896537065506
171	460.85065	43.603355	532.37317	421.7422	1000.0	35.88948	9.327554	61.181973	-0.951705	688000	-1.66893e-08	374.2907	-0.05730019	-94.32257	3.021645	0.015377328	0.29875	32.0	751.3996074199677
172	482.04156	66.98745	534.0381	369.3179	1000.0	43.6214	9.697123	68.662445	2.208693	692000	4.684925e-08	314.35187	-0.033617303	-44.068817	3.0481052	0.015014351	0.20375	12.0	755.5840270519257
173	423.94788	66.266975	476.4922	312.4115	1000.0	43.464325	7.693904	65.787094	1.2905248	696000	3.2663344e-08	264.8896	-0.014764121	-58.95752	2.9697986	0.017142037	0.21875	4.0	760.0907592773438
174	552.2151	72.65756	675.405	488.3258	1000.0	40.59519	7.0315967	60.77721	13.3257265	700000	-2.503395e-09	363.92133	-0.052095696	-123.12509	3.0037177	0.0152734425	0.28575	22.0	764.4429247379303
175	494.30432	89.80868	639.9577	413.07056	1000.0	45.61431	11.500847	70.66723	-4.0625644	704000	-9.23872e-09	302.6263	-0.01860918	-52.892563	2.9735532	0.016171455	0.2025	6.0	768.9204914569855
176	464.33572	98.62478	605.2673	342.33597	1000.0	44.744843	7.2858243	65.44468	12.6844425	708000	1.5735626e-08	359.06143	-0.030197233	-46.567535	2.9634109	0.01757087	0.2425	10.0	773.4243988990784
177	527.03406	21.146282	563.1468	509.64078	1000.0	43.486744	7.3287225	64.64561	-4.7370334	712000	4.339218e-08	417.6312	-0.04025736	-103.75464	2.9677732	0.015102258	0.227	18.0	777.6957750320435
178	528.53613	63.408646	611.0808	433.32834	1000.0	49.337555	10.467176	74.17271	7.364211	716000	-1.1920929e-08	380.30603	-0.026222914	-58.051025	2.9484684	0.016951444	0.18925	9.0	781.8927550315857
179	525.2376	65.62485	598.7275	454.33	1000.0	48.3375	9.355309	72.35946	5.3509502	720000	4.2915346e-08	350.46094	-0.015234956	-44.403717	2.9382026	0.01732128	0.18825	5.0	786.3407378196716
180	468.07788	40.781887	525.9935	429.43344	1000.0	48.264626	7.0164995	72.847916	11.904644	724000	-1.4305114e-08	196.42303	-0.010043718	-42.527725	2.9432256	0.017086834	0.2015	3.0	790.7552893161774
181	564.8005	45.805477	615.83527	495.1844	1000.0	46.055397	7.7789054	68.12576	14.630042	728000	-2.2530555e-08	444.1355	-0.014124424	-83.74176	3.0021915	0.016705742	0.235	4.0	794.6532371044159
182	516.5988	73.998474	624.98193	417.3032	1000.0	50.407345	9.5400305	76.47493	6.325795	732000	2.5749207e-08	302.5591	-0.016271604	-52.387146	2.9253209	0.016507963	0.20025	5.0	798.9196524620056
183	468.4933	52.217106	531.1606	399.6358	1000.0	46.437523	8.054472	75.3233	7.547625	736000	2.193451e-08	399.13263	-0.047131628	-74.350494	2.9374526	0.015671412	0.279	22.0	803.2437436580658
184	535.4777	77.68298	612.17993	439.5722	1000.0	43.229633	8.028991	65.741806	3.680515	740000	-1.168251e-08	370.34543	-0.04958702	-93.074005	2.8874705	0.015106161	0.27875	24.0	807.5766143798828
185	498.58838	11.280997	511.98178	481.0889	1000.0	49.76838	7.0351586	72.185814	4.078439	744000	-1.6570091e-08	295.682	-0.076515436	-71.252014	2.918224	0.014278803	0.3785	79.0	812.1553349494934
186	474.91754	48.182465	528.49304	409.80374	1000.0	45.143387	8.904139	70.64576	-4.434661	748000	-5.4836273e-09	315.04318	-0.023875717	-46.21576	2.864424	0.015182459	0.20175	7.0	816.2012798786163
187	561.5205	6.4767184	566.9304	550.7317	1000.0	44.850132	9.275468	71.32434	3.450765	752000	3.695488e-08	355.68204	-0.042864554	-96.82236	2.823931	0.01607832	0.29475	16.0	820.5400240421295
188	552.74133	50.13581	630.47876	504.54553	1000.0	51.374737	7.5479565	73.62901	10.891541	756000	-2.503395e-09	501.459	-0.053501446	-71.035065	2.8618798	0.016204707	0.29675	27.0	824.8917834758759
189	522.53516	114.12341	645.9697	338.2065	1000.0	49.19876	9.360954	72.293755	-2.3934991	760000	-7.629395e-09	434.1534	-0.06797388	-59.595673	2.857269	0.014992459	0.32725	51.0	829.4924182891846
190	521.08716	91.8067	659.3735	410.60254	1000.0	47.69269	9.314043	74.9841	12.592451	764000	-7.629395e-09	319.347	-0.046574596	-51.39099	2.7765121	0.017174514	0.282	21.0	834.7135398387909
191	539.4304	78.557785	672.6038	479.9809	1000.0	47.60791	7.46383	76.547226	8.779914	768000	2.8371812e-08	338.0158	-0.016124124	-43.410095	2.7413487	0.011670323	0.14575	4.0	839.1283814907074
192	535.0885	27.967012	561.63403	490.40402	1000.0	47.515743	8.175424	78.67178	6.294524	772000	-1.45435335e-08	408.53726	-0.041416712	-70.68994	2.7645102	0.015113512	0.23975	19.0	843.5916087627411
193	583.55444	42.91294	636.1675	516.6257	1000.0	50.91043	9.798812	77.12028	10.103359	776000	-2.5987624e-08	320.76	-0.02837354	-64.66919	2.7374668	0.015290179	0.22125	9.0	847.9009382724762
194	558.37	37.624336	592.50653	494.81473	1000.0	53.404995	7.3517113	79.63791	22.125446	780000	-1.2874604e-08	377.14062	-0.02289558	-54.466125	2.7667208	0.016259976	0.1985	7.0	852.1342840194702
195	645.9715	70.010216	707.8989	531.6865	1000.0	52.327637	7.485121	77.27367	25.388851	784000	2.026558e-08	447.8572	-0.013937473	-95.6669	2.7276363	0.014173248	0.19525	4.0	856.3076391220093
196	558.341	59.082	626.4255	463.6642	1000.0	57.76193	8.361204	82.583755	6.825946	788000	-5.4836273e-09	422.07474	-0.014359598	-115.98343	2.6744926	0.020875439	0.2	5.0	860.8160433769226
197	409.64365	415.63168	784.1087	-294.72626	1000.0	37.77076	28.437368	72.68218	-42.337036	792000	-1.45435335e-08	660.3657	-0.041371915	-354.1849	2.679433	0.015876496	0.24775	16.0	864.9928328990936
198	572.0714	40.874996	628.0774	517.9448	1000.0	55.925312	9.120278	80.62612	8.85702	796000	2.1457671e-09	340.1804	-0.040570796	-68.30881	2.7098985	0.015916627	0.24125	16.0	869.4288504123688
199	620.08923	65.55496	701.7165	553.1778	1000.0	52.026413	8.427595	77.5038	-4.396894	800000	1.45435335e-08	367.19443	-0.073363125	-65.02768	2.7313492	0.012091344	0.3515	79.0	874.5851273536682
200	561.75165	78.46823	640.448	458.79727	1000.0	53.52263	17.563719	81.58528	-54.875717	804000	-2.5987624e-08	479.8552	-0.015663808	-77.978455	2.6090925	0.012856194	0.147	4.0	879.5474655628204
201	631.75854	75.54715	721.30963	538.56915	1000.0	53.84264	8.973852	80.53319	25.719393	808000	1.525879e-08	367.24918	-0.02926124	-69.412384	2.6326225	0.014979081	0.22475	11.0	883.5845692157745
202	601.1144	64.088234	681.77997	511.79538	1000.0	58.012867	6.9954453	78.18724	20.499495	812000	-4.482269e-08	265.49106	-0.056137856	-40.559753	2.6755707	0.015475197	0.29975	31.0	888.294924736023
203	566.2701	84.900276	691.9646	474.97333	1000.0	54.875454	7.56043	78.87575	20.63489	816000	-1.6689301e-09	514.568	-0.051556382	-95.552734	2.590411	0.01622263	0.28775	27.0	892.4892857074738
204	573.03625	77.91762	703.2422	497.60852	1000.0	50.49593	10.141381	78.270905	-0.49042946	820000	3.8146974e-09	340.1058	-0.039742228	-52.526672	2.608729	0.01650114	0.23725	16.0	896.9365899562836
205	625.4421	40.124424	686.92596	589.29974	1000.0	52.82821	8.367481	77.38202	16.073284	824000	3.0994416e-09	392.96817	-0.045672946	-60.26349	2.573569	0.017139306	0.2665	21.0	901.0801606178284
206	566.7984	43.312416	621.4376	515.35156	1000.0	56.491463	8.712163	80.24143	-1.8082793	828000	1.4781952e-08	449.20404	-0.042104088	-72.73706	2.523289	0.014959328	0.2465	18.0	905.3196220397949
207	615.1491	55.267353	687.4716	532.1688	1000.0	52.91474	9.31377	79.23305	11.870709	832000	-1.7642975e-08	342.78775	-0.038275074	-58.831665	2.533327	0.017000759	0.21225	13.0	909.5416903495789
208	644.73566	65.78746	722.5571	543.4922	1000.0	56.54898	6.683177	77.335495	23.673157	836000	1.0490417e-08	334.66412	-0.07551076	-51.22986	2.487083	0.014795254	0.37025	79.0	914.2952151298523
209	655.7726	58.46229	730.36035	583.4827	1000.0	58.16464	7.2320232	80.17238	31.606474	840000	8.106232e-09	472.82977	-0.040905964	-70.3569	2.4667766	0.016482823	0.2675	17.0	918.6954646110535
210	347.9856	294.2642	618.2241	-148.24416	1000.0	41.47381	36.587097	84.64339	-52.94292	844000	3.4332274e-08	442.96008	-0.03847305	-212.5549	2.4818363	0.018023077	0.24675	13.0	923.4266228675842
211	682.6377	91.70275	757.781	532.383	1000.0	47.220688	9.150071	77.111015	3.9949322	848000	-1.2278557e-08	615.29645	-0.012054409	-298.67514	2.479023	0.016966492	0.2065	3.0	927.7099077701569
212	621.95856	60.138657	683.295	534.29486	1000.0	62.331944	7.2942276	85.71187	25.32713	852000	1.3589859e-08	340.4165	-0.025592178	-70.32547	2.4336674	0.016021103	0.20025	9.0	932.0021288394928
213	615.5544	55.9387	674.33575	555.95514	1000.0	56.439766	7.126327	79.870056	29.934513	856000	-1.2516975e-08	482.7191	-0.010854947	-59.172546	2.4466476	0.013000105	0.1655	3.0	936.3249232769012
214	585.367	21.54401	613.0685	563.75214	1000.0	57.284603	9.090031	83.46985	24.763834	860000	-3.361702e-08	291.81696	-0.041183073	-51.04248	2.4503407	0.015043252	0.2615	17.0	940.7583401203156
215	673.6426	30.04398	720.514	640.2701	1000.0	54.288727	8.116969	79.515564	20.357203	864000	-2.7656554e-08	468.30438	-0.06062546	-100.64731	2.41201	0.01603654	0.3335	35.0	945.1244871616364
216	690.6649	58.06823	754.69476	625.7422	1000.0	61.450413	7.501328	85.321945	25.351227	868000	1.0490417e-08	410.69757	-0.043799944	-61.136017	2.4681323	0.01596677	0.25525	18.0	949.1992137432098
217	726.4137	81.09654	799.7402	601.9054	1000.0	63.95396	9.832118	89.34748	1.8652054	872000	-2.4318695e-08	481.2033	-0.04281642	-64.00937	2.4370584	0.015839735	0.26175	17.0	953.4391205310822
218	692.73724	88.51029	794.17926	551.819	1000.0	65.56664	8.463653	87.739174	22.92909	876000	3.695488e-09	646.8035	-0.043903414	-93.96216	2.3928134	0.015003643	0.2625	18.0	957.5849866867065
219	655.0768	124.43937	849.17444	536.15765	1000.0	61.6652	12.003235	90.010666	-10.196889	880000	3.5762786e-09	501.30835	-0.036807217	-71.868835	2.4022846	0.016437162	0.23925	12.0	961.7722079753876
220	642.63794	57.410587	718.376	578.9941	1000.0	60.50128	9.029473	85.70523	22.33025	884000	-1.66893e-08	317.39343	-0.014335287	-43.24707	2.358711	0.01668467	0.20625	4.0	966.8563404083252
221	710.1836	34.39835	765.89844	673.57184	1000.0	60.824303	8.319261	89.397644	2.8526335	888000	1.0251999e-08	473.48987	-0.02856773	-81.18576	2.3340654	0.014503915	0.21575	10.0	971.2457401752472
222	549.84784	324.77017	791.7945	-9.406492	1000.0	49.647022	38.463993	92.73339	-56.940693	892000	-6.9737434e-09	502.30417	-0.032682206	-83.78265	2.3733554	0.015486286	0.22	11.0	975.6603775024414
223	552.23303	167.73135	745.94507	289.98245	1000.0	53.933796	29.967651	91.7338	-51.67191	896000	-7.629395e-09	435.40482	-0.03188256	-81.6492	2.4083273	0.015990783	0.20475	11.0	979.8796718120575
224	661.69214	61.632343	722.0839	574.5864	1000.0	59.75179	8.172477	82.57935	20.4588	900000	9.536743e-09	339.0144	-0.040723994	-58.756042	2.4001966	0.015447668	0.278	15.0	984.1970822811127
225	465.6442	250.98856	623.43994	31.148489	1000.0	46.85189	31.15394	83.68995	-49.08276	904000	2.8610229e-08	387.6708	-0.020563861	-104.76578	2.375161	0.017089847	0.226	6.0	988.4730725288391
226	674.1716	45.514507	727.1373	610.0049	1000.0	55.81775	7.7776475	78.829605	21.298725	908000	2.2649764e-09	350.42474	-0.06104911	-77.24115	2.2738564	0.014947346	0.32575	40.0	992.9160029888153
227	691.26776	51.965183	780.9991	655.00494	1000.0	61.294266	7.704721	84.56604	21.10062	912000	-2.861023e-09	367.9227	-0.012771159	-55.469513	2.322142	0.017122343	0.20775	3.0	997.2686538696289
228	660.79333	39.665745	698.2419	595.43665	1000.0	64.086174	8.247701	86.57901	14.097873	916000	2.849102e-08	463.83295	-0.03546425	-66.22034	2.3459127	0.016618472	0.24075	13.0	1001.5558235645294
229	549.64386	47.82109	618.26385	484.54926	1000.0	53.48189	25.494131	83.257324	-55.175354	920000	1.9550324e-08	426.00214	-0.030196128	-82.53003	2.3225377	0.017407002	0.20925	10.0	1005.8496091365814
230	672.85205	94.764885	814.5088	562.5272	1000.0	56.158657	9.173124	82.511284	12.647062	924000	2.336502e-08	509.95493	-0.0356401	-94.227936	2.3165445	0.015620651	0.19525	13.0	1010.8776292800903
231	631.99634	48.002052	701.1119	574.43854	1000.0	60.522923	9.880391	89.94437	18.545393	928000	1.168251e-08	386.38425	-0.04993298	-66.41196	2.3202724	0.016040087	0.29425	25.0	1015.3831539154053
232	661.3929	99.31721	794.92096	530.4276	1000.0	57.47479	9.704739	85.41555	-2.59086	932000	3.8146974e-09	447.322	-0.07493094	-66.42523	2.3304043	0.015389522	0.35175	63.0	1020.382649898529
233	673.8651	88.24516	755.14215	530.53625	1000.0	61.259953	8.264589	86.345825	19.349924	936000	9.536744e-10	433.09604	-0.07543213	-56.290558	2.3044925	0.014411613	0.38325	79.0	1025.3595325946808
234	780.2876	106.64675	950.59875	667.29596	1000.0	62.69828	8.528176	85.67218	1.5324384	940000	-5.3167344e-08	563.0634	-0.041847024	-129.70169	2.2731586	0.01615397	0.2435	16.0	1029.7792177200317
235	741.3999	62.215675	826.1316	657.5494	1000.0	70.7838	8.095189	95.546684	29.350437	944000	-5.2452087e-09	448.16617	-0.02903056	-56.866516	2.2171254	0.01825251	0.23575	9.0	1033.986456155777
236	684.7626	140.11133	915.1932	536.8438	1000.0	68.15874	7.4468517	91.47988	25.974968	948000	9.059906e-09	584.46063	-0.014553169	-123.65732	2.2285736	0.018942414	0.213	4.0	1038.0206108093262
237	615.6085	147.732	717.9348	360.38455	1000.0	52.907143	32.08281	94.42134	-55.904728	952000	2.7656554e-08	518.5658	-0.009690742	-102.56287	2.1759892	0.01522065	0.16275	3.0	1042.3375680446625
238	717.0981	59.220974	809.9665	647.07043	1000.0	65.83895	8.911317	93.94358	22.947336	956000	9.536744e-10	416.43973	-0.025042132	-59.026367	2.2199607	0.014260956	0.23925	8.0	1046.8347837924957
239	701.78455	55.79092	762.8153	611.74664	1000.0	64.96087	9.202165	91.973206	27.215498	960000	-1.0848045e-08	424.45	-0.024013828	-53.819336	2.2493038	0.016022876	0.205	7.0	1050.9773831367493
240	559.05444	136.72127	702.4331	335.14954	1000.0	55.076134	28.003815	91.80592	-47.27082	964000	1.1920929e-08	483.1414	-0.024609705	-102.90378	2.207955	0.01782648	0.2315	7.0	1056.033750295639
241	739.5751	109.678986	868.7412	576.1158	1000.0	60.61953	10.163641	88.75193	11.320763	968000	2.8371812e-08	653.37976	-0.02711299	-134.80438	2.1996014	0.016279632	0.28925	9.0	1060.6455988883972
242	697.0741	79.5491	814.6212	620.69916	1000.0	64.2288	12.510282	100.528145	11.049535	972000	-1.7642975e-08	573.91364	-0.018482698	-87.67468	2.1940238	0.016041063	0.2085	6.0	1064.9408180713654
243	708.0832	49.817738	779.8453	645.24243	1000.0	65.48284	12.425751	100.0355	0.7056341	976000	1.9788741e-08	506.49435	-0.02764305	-82.46689	2.1908195	0.01613358	0.21975	7.0	1069.4190735816956
244	707.244	47.278095	760.7777	638.23553	1000.0	65.36803	8.303015	91.44702	24.064333	980000	-2.3126603e-08	471.0148	-0.025651703	-73.70569	2.1619961	0.014703003	0.267	9.0	1073.594787120819
245	467.34396	460.15604	805.43243	-325.26456	1000.0	42.783245	38.11592	91.58935	-48.215954	984000	-7.629395e-09	455.58188	-0.012879749	-123.21814	2.1522975	0.014219829	0.1675	3.0	1077.870877981186
246	722.59595	93.47855	813.33716	567.27527	1000.0	64.344826	9.5645685	91.43381	8.017295	988000	-1.45435335e-08	563.7679	-0.016332367	-78.05652	2.164112	0.015445842	0.2475	5.0	1082.2576582431793
247	737.90155	36.65211	791.81024	688.4076	1000.0	65.04012	10.049877	96.602486	-6.010083	992000	3.6478042e-08	424.00116	-0.03971305	-66.295044	2.1853297	0.016956246	0.26525	14.0	1086.5021855831146
248	552.56213	309.48962	739.03394	16.595135	1000.0	50.535954	37.23005	91.85711	-51.60397	996000	-5.9604643e-10	501.28687	-0.018686526	-87.59912	2.1664116	0.014258149	0.15375	4.0	1090.7726917266846
249	724.90393	62.70278	791.82855	622.56744	1000.0	64.93749	8.636839	93.53095	19.218554	1000000	-1.0490417e-08	362.43005	-0.012951976	-71.21835	2.244517	0.012023007	0.17	3.0	1096.0030932426453
