Time AverageEpRet StdEpRet MaxEpRet MinEpRet	 EpLen meanHE SDHE SDLP SDspeed	TotalEnvInteracts	LossPi	LossV	DeltaLossPi	DeltaLossV	Entropy	KL	ClipFrac	StopIter	Miles
0	-703.6805	116.05769	-565.9505	-885.4168	1000.0	-0.01712614	1.294018	3.146388	-3.110639	4000	1.502037e-08	4786.5557	-0.04928283	-783.9204	5.4982367	0.015639035	0.2405	17.0	4.734179258346558
1	-697.6889	82.92948	-558.0785	-769.50415	1000.0	-7.438645	4.8576503	9.026942	-16.332476	8000	-1.04904174e-07	3681.1018	-0.021713484	-1562.3342	5.4985	0.013762289	0.221	7.0	8.866174936294556
2	-586.8858	77.84842	-492.3168	-707.6932	1000.0	-23.352316	2.5818043	14.126704	-24.995985	12000	-2.3961068e-08	1429.6323	-0.045150552	-313.8097	5.5143046	0.015447561	0.2195	23.0	13.237549781799316
3	-550.80585	116.18159	-396.94382	-676.97107	1000.0	-29.720968	1.0648822	-10.267073	-30.117142	16000	-1.859665e-08	950.9404	-0.048950158	-149.42828	5.499769	0.016870648	0.24125	24.0	17.5768723487854
4	-562.64905	59.989742	-479.90994	-648.4623	1000.0	-33.739326	0.72631234	-16.928312	-34.045315	20000	2.5749207e-08	681.5967	-0.046558697	-110.89972	5.4958625	0.016351521	0.21025	22.0	21.848137617111206
5	-501.89783	171.64102	-327.66006	-782.51044	1000.0	-37.3299	0.452089	-26.30322	-37.53406	24000	-9.179115e-09	728.0005	-0.05639218	-48.08014	5.456404	0.015824873	0.27875	28.0	26.381776571273804
6	-556.2201	102.88218	-466.86337	-718.33997	1000.0	-24.934608	26.539873	38.92346	-39.480175	28000	5.7458877e-08	2300.067	-0.045714293	-1674.1044	5.383368	0.015702672	0.21375	19.0	30.686607122421265
7	-392.9228	116.806366	-243.58711	-531.3571	1000.0	-40.814693	2.3049002	4.304495	-41.654728	32000	-5.3167344e-08	492.50006	-0.0151193235	-42.298767	5.3931427	0.021673001	0.24025	5.0	34.96103811264038
8	-501.50333	82.214226	-380.23782	-610.5646	1000.0	-38.545277	4.884632	1.7442346	-41.05758	36000	1.1205673e-08	536.19476	-0.047415704	-32.198395	5.434632	0.017172588	0.23125	22.0	39.15370154380798
9	-411.92114	118.512276	-284.0876	-596.2428	1000.0	-40.289116	3.89801	1.9284903	-42.330143	40000	-3.6358834e-08	582.47437	-0.04465562	-66.79047	5.374665	0.016466632	0.23125	21.0	43.61864519119263
10	-372.48407	73.90948	-296.19424	-469.50317	1000.0	-34.18182	7.8726883	22.617514	-42.47647	44000	2.861023e-09	607.44135	-0.042257443	-42.262146	5.3874598	0.015730968	0.20725	19.0	48.22147226333618
11	-446.73874	128.50143	-310.6505	-621.7749	1000.0	-33.782276	8.880636	34.158585	-42.54074	48000	-4.2915342e-09	554.5816	-0.016094394	-77.012115	5.3531084	0.020201392	0.22225	6.0	52.49501705169678
12	-444.92712	164.51779	-264.78424	-710.8703	1000.0	-36.92759	7.694262	8.267909	-44.010056	52000	-1.3113022e-09	625.63904	-0.041646462	-46.269043	5.345485	0.016066346	0.203	18.0	56.56931781768799
13	-437.4333	50.6708	-377.3322	-514.12823	1000.0	-33.812702	9.735647	35.774506	-45.813416	56000	-1.4305114e-08	547.77814	-0.019356983	-64.1228	5.355566	0.01590193	0.20325	7.0	60.49077582359314
14	-404.71225	185.15622	-252.39249	-713.4052	1000.0	-34.939163	12.39478	37.91178	-46.300575	60000	-2.7656554e-08	827.47125	-0.017437503	-321.17026	5.3321705	0.0143655175	0.2235	7.0	64.73553395271301
15	-409.7654	91.92396	-275.66574	-525.1673	1000.0	-32.99739	10.80089	8.212942	-46.47118	64000	-5.0544738e-08	567.38885	-0.013736224	-71.88217	5.319823	0.023457997	0.2185	5.0	68.5489821434021
16	-460.78418	108.28733	-335.98236	-599.13226	1000.0	-37.47033	9.675399	15.228848	-47.485493	68000	-9.417534e-09	470.78006	-0.014523171	-51.590637	5.342227	0.01869622	0.24275	5.0	72.69245743751526
17	-252.23868	125.48297	-88.573654	-379.01178	1000.0	-34.243217	8.763865	2.156312	-49.03377	72000	9.059906e-09	499.05118	-0.041739944	-182.00113	5.33653	0.016685631	0.22625	18.0	77.06929302215576
18	-263.24796	43.779312	-215.18094	-322.11783	1000.0	-23.510258	9.5892315	12.633222	-48.16347	76000	1.34706495e-08	377.79724	-0.020693203	-43.797302	5.328919	0.016225215	0.21075	7.0	81.20661354064941
19	-502.77573	196.14073	-279.23837	-739.02356	1000.0	-27.541403	14.818393	24.5018	-48.482845	80000	-8.583069e-08	1081.4353	-0.020377837	-563.82874	5.296352	0.016677191	0.225	6.0	85.27519488334656
20	-158.55855	142.34142	-13.22424	-354.54303	1000.0	-32.3354	13.828794	16.634304	-51.56173	84000	-1.3947487e-08	974.68646	-0.013335861	-498.51987	5.281481	0.016033728	0.2115	6.0	90.22806882858276
21	-311.2245	178.95213	-86.14955	-586.0696	1000.0	-20.868336	17.261417	22.93356	-51.512245	88000	-2.8610229e-08	683.78925	-0.04436267	-143.36847	5.343626	0.015870795	0.20675	20.0	94.59224271774292
22	-228.63547	130.80037	-95.62513	-364.07346	1000.0	-25.495817	18.760729	26.094744	-52.358643	92000	9.536743e-09	613.261	-0.018061863	-88.781494	5.300187	0.013423014	0.1855	7.0	98.83103847503662
23	-542.511	96.531624	-431.2226	-667.37384	1000.0	-38.2035	18.494068	22.2705	-52.328728	96000	2.0980835e-08	622.8828	-0.0470542	-170.84357	5.293462	0.015561171	0.231	22.0	103.28264832496643
24	-275.2598	150.72028	-20.250751	-390.85822	1000.0	-31.901077	18.201185	7.95123	-57.130844	100000	-2.6226044e-08	729.74036	-0.01933153	-126.133606	5.2991276	0.017022803	0.251	7.0	107.49104285240173
25	-447.96393	253.57318	-191.98174	-733.65076	1000.0	-37.12496	21.843306	31.201283	-57.708122	104000	-1.0490417e-08	471.11658	-0.033614215	-64.9137	5.2569757	0.016078053	0.14775	13.0	111.45271897315979
26	-359.6792	147.98383	-169.87514	-504.6383	1000.0	-17.639017	27.853447	53.776394	-59.639675	108000	-1.2874604e-08	1565.3007	-0.012574797	-1056.4675	5.261216	0.026683912	0.273	4.0	115.45935702323914
27	-429.41522	237.82104	-77.610504	-725.40643	1000.0	-39.9808	18.822145	11.00765	-60.443676	112000	6.9141386e-09	632.4679	-0.018591575	-156.52582	5.257205	0.015331031	0.18025	7.0	119.47318482398987
28	-368.77847	235.03746	-101.15698	-643.53705	1000.0	-34.06394	24.697317	25.65717	-62.59465	116000	-1.3828277e-08	404.9711	-0.014755659	-61.516907	5.2838182	0.017910827	0.21175	5.0	123.69440197944641
29	-363.6695	243.37465	-100.46442	-629.6926	1000.0	-41.75269	23.64972	15.522454	-63.77818	120000	4.529953e-09	433.53702	-0.016516164	-79.75305	5.203189	0.01805853	0.214	6.0	128.00868606567383
30	-182.8885	112.81174	0.66643924	-302.73767	1000.0	-13.395901	17.388597	23.595718	-63.15475	124000	-4.053116e-09	610.4989	-0.0129812835	-121.9429	5.203654	0.017449666	0.23225	6.0	132.90844988822937
31	-342.0351	155.47679	-92.601	-517.0103	1000.0	-37.988083	21.667545	27.638405	-62.3065	128000	1.525879e-08	557.86755	-0.015868705	-177.26349	5.212631	0.018139882	0.20225	5.0	137.02822589874268
32	-200.8404	266.8644	77.32338	-532.1331	1000.0	-20.235466	31.471844	41.08636	-62.303745	132000	2.7418137e-08	406.10913	-0.013088813	-65.41293	5.1739745	0.018151877	0.23575	6.0	141.41960668563843
33	-445.8841	68.15736	-354.60236	-531.61597	1000.0	-28.239355	32.383144	51.33795	-61.25685	136000	6.866455e-08	1258.5415	-0.052297574	-792.479	5.1482134	0.015964506	0.2495	28.0	145.69033432006836
34	-306.22937	159.13469	-84.7333	-457.39612	1000.0	-36.04779	21.392817	23.365017	-62.597027	140000	-2.4318695e-08	708.5494	-0.044192202	-204.26978	5.1641846	0.017281307	0.19875	19.0	150.31250023841858
35	-277.29227	179.6802	2.8587108	-464.13022	1000.0	-27.412308	25.355246	28.716228	-62.950607	144000	-1.859665e-08	523.23285	-0.016752478	-85.17682	5.1440015	0.016673641	0.17625	6.0	154.52480721473694
36	-216.2506	108.54083	-96.20114	-348.393	1000.0	-17.644598	23.465763	39.59068	-63.807327	148000	2.1457671e-09	826.6429	-0.043967485	-273.92676	5.1300673	0.015718587	0.22475	22.0	158.69395065307617
37	-369.55246	85.80626	-274.23553	-488.20297	1000.0	-32.244705	20.484388	23.055431	-62.254242	152000	1.3113022e-09	428.32187	-0.042392273	-126.23074	5.1409698	0.018306013	0.211	17.0	162.78273797035217
38	-108.434525	283.0277	152.0303	-586.3925	1000.0	-18.352097	23.357622	35.709408	-61.490143	156000	-9.536744e-10	610.4518	-0.04312172	-162.3186	5.0835457	0.015891323	0.22275	18.0	166.8505392074585
39	-293.33963	258.9711	40.570137	-597.68976	1000.0	-25.943275	29.513103	34.86051	-63.31745	160000	2.2888184e-08	483.8565	-0.019132236	-76.19678	5.09636	0.0148227	0.2015	7.0	170.98183846473694
40	-275.60245	235.46129	75.25266	-547.795	1000.0	-29.559229	29.048098	36.78352	-63.695896	164000	1.7642975e-08	457.73492	-0.012799719	-86.12494	5.0930843	0.020424217	0.24925	5.0	175.5060579776764
41	-209.82498	103.82986	-69.009796	-328.29416	1000.0	-23.62209	32.95396	39.490612	-62.357788	168000	4.2915342e-09	596.5496	-0.046651937	-98.60251	5.1066365	0.01566632	0.21025	22.0	180.12149238586426
42	-264.80304	308.84903	92.70258	-604.18933	1000.0	-23.340254	33.079967	39.80829	-62.38613	172000	7.390976e-09	417.7145	-0.051384356	-59.829346	5.0706425	0.015812503	0.24725	26.0	184.44983577728271
43	-305.6908	219.77455	-10.155756	-539.65845	1000.0	-29.13286	31.56738	38.63458	-60.95318	176000	3.4809112e-08	416.3143	-0.019653536	-45.50168	5.055283	0.016372586	0.23825	7.0	188.49747896194458
44	-187.63736	335.43802	275.42563	-594.0807	1000.0	-22.438309	31.391369	33.3985	-62.492527	180000	1.6093255e-08	891.45044	-0.017313177	-229.0462	5.115538	0.016493956	0.243	6.0	192.4744634628296
45	-231.62177	195.87225	-34.25118	-524.39844	1000.0	-29.483093	40.47038	51.40731	-65.044266	184000	2.5749207e-08	586.912	-0.046105128	-160.9108	5.078161	0.016077911	0.22425	21.0	196.92148399353027
46	-420.31454	86.881836	-316.04767	-544.53406	1000.0	-32.0195	27.810005	49.17601	-57.19457	188000	-5.722046e-09	453.17368	-0.016495848	-205.95801	4.9840417	0.01701643	0.1735	6.0	200.9562692642212
47	-378.54974	95.108925	-224.5385	-457.96713	1000.0	-39.866016	21.144064	29.3121	-60.171127	192000	-1.525879e-08	372.66208	-0.018182976	-62.491272	5.0098596	0.016274221	0.1805	7.0	205.16683745384216
48	-232.34601	168.96141	32.387104	-436.74722	1000.0	-30.711735	21.80953	25.821276	-57.736294	196000	-4.053116e-09	527.7109	-0.045568425	-168.01483	5.0135064	0.016084833	0.2165	18.0	209.2639844417572
49	15.813478	128.6558	183.76825	-144.95944	1000.0	2.5146148	20.447752	48.231842	-53.506577	200000	2.0980835e-08	672.07794	-0.061567158	-92.707275	5.007627	0.014998877	0.30475	35.0	213.66343688964844
50	-180.38177	243.86827	79.82866	-553.221	1000.0	-18.870815	26.825476	44.28247	-50.41927	204000	6.198883e-09	628.3714	-0.041517075	-94.71405	4.9827266	0.016316574	0.19775	17.0	218.8018991947174
51	-22.297802	131.83255	119.248856	-236.9902	1000.0	-8.675004	30.416553	47.848274	-56.804325	208000	-1.1444092e-08	701.3723	-0.06100712	-136.9613	4.9502635	0.015607397	0.2815	39.0	223.42641758918762
52	-168.04308	262.7404	262.0879	-429.2159	1000.0	-12.254201	35.982964	49.022625	-54.975067	212000	-8.8214875e-09	522.9549	-0.01862658	-92.33209	4.916842	0.016886791	0.2275	6.0	227.65367484092712
53	-98.19294	226.90044	273.66452	-299.5282	1000.0	-15.995215	35.18605	42.912853	-59.308052	216000	-2.2888184e-08	611.04663	-0.06929494	-137.52328	4.9175763	0.015149933	0.31575	54.0	232.20144271850586
54	-250.32234	269.05466	200.64485	-497.1498	1000.0	-20.441162	30.56121	49.481926	-53.913044	220000	-1.859665e-08	403.8391	-0.015831016	-104.24924	4.886422	0.019868553	0.2375	5.0	236.7215371131897
55	-92.628555	151.71742	54.39939	-322.47855	1000.0	-18.036577	36.2487	47.83129	-58.54362	224000	-2.336502e-08	511.67645	-0.01772791	-100.66794	4.918116	0.01950827	0.23025	6.0	240.63685059547424
56	-1.6884022	237.92519	346.5903	-303.499	1000.0	-5.8680897	34.93182	47.245274	-53.030476	228000	-1.001358e-08	414.38962	-0.016342971	-69.05917	4.865277	0.017579501	0.2455	6.0	245.0048806667328
57	-46.240856	275.22342	310.3665	-384.4475	1000.0	-0.26699513	34.446644	49.955765	-48.26167	232000	1.835823e-08	468.14124	-0.01497219	-122.04785	4.86449	0.02005642	0.2625	5.0	249.31928896903992
58	12.828136	315.90186	514.6136	-308.65237	1000.0	-7.0333934	34.338795	51.010536	-55.804745	236000	-8.106232e-09	721.36993	-0.046180893	-140.12042	4.8607707	0.016612047	0.246	19.0	253.52816915512085
59	119.66834	381.29214	440.41537	-528.701	1000.0	19.479534	33.092064	56.021503	-52.676617	240000	-2.5987624e-08	2575.5369	-0.04811456	-1718.3053	4.835	0.016273005	0.267	20.0	257.5939037799835
60	-17.703299	152.0953	147.74802	-263.6034	1000.0	3.9478097	38.95697	64.55144	-47.757015	244000	-1.4305114e-08	711.0468	-0.042672824	-238.12912	4.8449535	0.016147122	0.23325	18.0	262.32584714889526
61	-253.59161	187.42786	-21.515593	-465.07388	1000.0	-17.608973	31.814627	57.472767	-52.15688	248000	7.629395e-09	507.80814	-0.015666418	-159.78787	4.8144	0.018407851	0.25075	5.0	266.6332070827484
62	206.50775	301.81625	513.4857	-288.3617	1000.0	3.2474287	23.464306	46.077766	-59.509018	252000	4.172325e-09	949.8306	-0.050519764	-392.49585	4.8182383	0.016373191	0.26375	24.0	270.9026675224304
63	-83.66931	276.60504	347.13617	-407.3926	1000.0	-3.6025577	35.38161	56.92985	-50.30379	256000	1.7166137e-08	1064.8127	-0.047615916	-433.0816	4.794662	0.016045157	0.2595	21.0	275.13080859184265
64	-227.80464	62.740677	-133.68327	-291.11304	1000.0	-24.142609	29.869514	54.118656	-49.556904	260000	-1.8835069e-08	278.39224	-0.053103942	-97.41565	4.7623796	0.015493626	0.2645	28.0	279.55871534347534
65	-143.50731	109.11937	-28.804626	-299.1098	1000.0	-19.534487	24.931055	46.076656	-46.940784	264000	-3.0994416e-09	335.17026	-0.036972154	-108.05629	4.7860017	0.016275758	0.17675	15.0	284.1325578689575
66	-36.7548	266.36664	362.2479	-381.4428	1000.0	-8.303956	34.665577	52.674694	-53.30955	268000	-6.6757204e-09	319.01962	-0.041691985	-46.407135	4.773494	0.015996363	0.2515	19.0	288.346657037735
67	290.64264	416.52884	724.22546	-396.846	1000.0	15.4176445	31.962894	54.453526	-47.11036	272000	-3.0994416e-09	1045.3501	-0.039983414	-311.46515	4.710943	0.01735395	0.20375	16.0	292.54009795188904
68	-10.244972	320.54874	506.07175	-340.53253	1000.0	-4.274499	45.35921	69.473366	-53.138584	276000	-2.7179718e-08	512.2683	-0.06712031	-103.260925	4.692076	0.0150590455	0.348	49.0	296.91836762428284
69	186.12273	261.11725	597.05927	-119.347534	1000.0	17.043228	34.97967	65.87879	-49.335682	280000	1.4781952e-08	922.265	-0.056480616	-144.71765	4.6661305	0.01573835	0.28125	29.0	301.54813742637634
70	80.29991	292.77557	546.91943	-262.1566	1000.0	5.3140683	33.73492	65.10137	-45.335583	284000	2.1219254e-08	542.7934	-0.02074179	-97.22876	4.572093	0.016639901	0.2105	6.0	306.2964415550232
71	101.67925	372.3248	537.1704	-273.772	1000.0	9.36492	37.576004	65.52158	-46.166515	288000	4.2915342e-09	385.93582	-0.04999954	-70.99899	4.5532675	0.016234007	0.26425	24.0	310.79273438453674
72	388.0889	170.41362	548.3179	102.290016	1000.0	24.148281	33.155323	63.855263	-50.20356	292000	2.8133393e-08	714.4768	-0.046779767	-174.32501	4.6089163	0.016392387	0.24325	20.0	315.06343388557434
73	117.54468	378.7289	722.8485	-309.20908	1000.0	15.551775	38.3503	68.045235	-36.73751	296000	-3.8146974e-09	531.6385	-0.018204505	-93.54349	4.5502133	0.015084585	0.1965	6.0	319.2581720352173
74	232.23203	20.354994	259.97314	206.82706	1000.0	17.313194	39.16181	68.65347	-42.35417	300000	1.6689301e-09	580.2414	-0.039753195	-66.456055	4.6143823	0.016270716	0.1865	15.0	323.6243963241577
75	309.24094	314.56973	838.2594	9.9776	1000.0	17.325445	39.89665	68.3057	-38.704082	304000	1.66893e-08	893.74194	-0.048687965	-218.6195	4.540531	0.01595144	0.261	22.0	328.09754514694214
76	131.9793	450.98306	775.96313	-363.22903	1000.0	12.335943	48.482594	76.68737	-50.879463	308000	-9.298325e-09	734.50226	-0.03771113	-109.79791	4.5218954	0.016780628	0.21725	14.0	332.2085220813751
77	175.20743	310.6839	632.92596	-157.3578	1000.0	14.176924	49.765945	78.66466	-51.172638	312000	-1.7166137e-08	630.84155	-0.053787086	-138.1453	4.5165386	0.015564811	0.2955	26.0	336.3175230026245
78	169.40378	386.449	772.14435	-305.28568	1000.0	7.2523947	43.972874	74.18522	-46.09087	316000	2.861023e-09	423.5979	-0.046721883	-92.64465	4.5078526	0.016353281	0.24775	23.0	340.5553650856018
79	408.85352	425.44366	907.24054	-192.71507	1000.0	30.403465	44.06115	78.92282	-45.865463	320000	-3.528595e-08	623.17126	-0.039295673	-91.85974	4.513434	0.01671245	0.2005	14.0	344.7100160121918
80	322.0207	459.28726	1018.6147	-227.99864	1000.0	19.715715	50.291756	80.45573	-44.34392	324000	5.4240226e-09	993.9781	-0.01622411	-167.58533	4.423002	0.020813778	0.2715	5.0	349.53778290748596
81	264.1749	336.5844	588.61505	-292.43036	1000.0	28.714033	52.56195	87.762115	-44.93117	328000	-1.2397766e-08	634.0793	-0.06703967	-196.62384	4.4094653	0.015134014	0.3515	53.0	354.350506067276
82	432.72653	353.95316	868.9972	-91.33859	1000.0	35.0179	42.52887	80.67988	-48.104275	332000	9.059906e-09	619.69635	-0.0187524	-134.24979	4.3917685	0.01584098	0.183	6.0	358.50254106521606
83	210.69722	338.74194	698.04364	-162.06386	1000.0	15.6622305	52.94709	84.25005	-50.85452	336000	-9.6559525e-09	470.52512	-0.015884766	-143.33978	4.3246574	0.019589176	0.22225	5.0	363.1152698993683
84	486.64502	160.7873	756.23535	351.15344	1000.0	47.195145	29.430964	79.1557	-39.3493	340000	1.7166137e-08	794.409	-0.014870551	-143.7024	4.309296	0.019930003	0.23675	5.0	367.1501696109772
85	299.0051	345.85358	712.89264	-122.76598	1000.0	23.265871	43.385757	80.2498	-42.811203	344000	-1.3947487e-08	455.77948	-0.042514514	-80.698425	4.344924	0.016720546	0.22675	16.0	371.1501681804657
86	735.84534	172.56386	850.07806	437.68805	1000.0	51.658607	28.845951	83.37851	-39.52489	348000	-4.541874e-08	851.2535	-0.04571634	-299.62225	4.299627	0.016789753	0.2445	20.0	375.7976803779602
87	654.8386	184.13034	847.704	351.149	1000.0	73.69989	13.877296	87.61089	-20.901415	352000	2.849102e-08	1058.5396	-0.015478218	-290.36243	4.286162	0.019775761	0.26775	5.0	380.10281920433044
88	802.407	250.30655	1101.2736	409.9212	1000.0	49.679882	36.831856	85.92122	-43.580063	356000	-1.2755394e-08	1485.5472	-0.05827502	-618.7217	4.3141026	0.015159498	0.31125	33.0	384.4973063468933
89	303.97443	368.0591	812.5724	-114.72675	1000.0	37.197426	56.18537	96.78027	-46.551483	360000	-5.722046e-09	926.7098	-0.04923317	-404.36084	4.229247	0.014906287	0.27225	26.0	388.9418685436249
90	673.2442	182.85518	874.9989	387.83868	1000.0	50.63682	32.68554	91.10363	-37.78342	364000	4.7683715e-09	1013.105	-0.04516125	-266.21088	4.2592893	0.01584813	0.22825	18.0	393.6410462856293
91	776.20654	109.241135	920.0296	615.78235	1000.0	75.26539	15.573628	94.313095	-18.239372	368000	2.9444694e-08	1006.8185	-0.019115321	-113.644104	4.228115	0.018486008	0.22475	6.0	397.9411895275116
92	459.7522	370.99707	827.7897	-36.711025	1000.0	40.528408	45.8431	93.354485	-35.91194	372000	-1.0967255e-08	598.0593	-0.019271264	-113.81183	4.215703	0.01543362	0.22975	6.0	402.25328063964844
93	631.6601	425.89172	889.3017	-105.60168	1000.0	51.802513	45.43953	93.85288	-41.73025	376000	1.1920929e-09	497.23013	-0.060388144	-86.6994	4.225503	0.01545163	0.32475	41.0	406.5539848804474
94	316.1221	379.17978	919.22003	-123.93919	1000.0	27.029383	52.317417	94.67609	-35.549496	380000	1.4305114e-08	830.534	-0.019922249	-116.85663	4.190549	0.015208472	0.19275	6.0	410.80498909950256
95	838.5432	54.019924	899.7676	780.88324	1000.0	74.85961	28.367966	97.26672	-39.434765	384000	2.7418137e-09	971.9655	-0.04397408	-109.621155	4.1834383	0.01650148	0.27725	19.0	414.8424651622772
96	712.4987	341.41275	940.7485	122.15959	1000.0	61.219143	41.0316	98.156746	-38.7388	388000	-5.1259996e-09	940.1096	-0.04746152	-129.70776	4.2166467	0.01576637	0.266	23.0	419.30316185951233
97	282.3193	362.3734	902.4679	27.126625	1000.0	30.988277	53.668232	99.24473	-32.0808	392000	1.4781952e-08	669.6711	-0.061559573	-176.5935	4.139485	0.015369573	0.3245	40.0	423.43832445144653
98	817.1682	202.51561	1018.8318	501.49963	1000.0	60.070164	33.330685	94.94515	-36.644924	396000	-1.1920929e-08	1012.70166	-0.04389256	-375.55353	4.1121483	0.01618817	0.23825	20.0	427.68306040763855
99	628.01135	284.4013	874.6781	171.632	1000.0	58.512737	50.666344	100.46302	-48.400665	400000	0.0	1218.937	-0.054198563	-169.88928	4.141911	0.0153188035	0.297	32.0	431.94135427474976
100	597.6337	356.33334	999.2963	33.943134	1000.0	57.11821	46.003223	102.25483	-39.741993	404000	2.0503998e-08	1213.8208	-0.016083837	-251.67004	4.107721	0.017681368	0.218	5.0	436.5806381702423
101	1014.09247	103.5879	1182.7902	903.9387	1000.0	74.985374	12.233255	100.47449	3.761489	408000	2.2649764e-09	1129.7693	-0.050120313	-453.4428	4.1337256	0.015465867	0.29275	25.0	440.74214792251587
102	662.44696	368.65817	996.1207	47.441605	1000.0	61.7428	51.011505	105.027916	-40.8441	412000	-4.768372e-10	1132.9924	-0.040068034	-142.68958	4.0626783	0.01619289	0.21625	17.0	445.18925046920776
103	783.9303	353.423	1177.8024	418.36176	1000.0	62.038815	51.454647	105.43171	-35.661217	416000	1.7523766e-08	854.5934	-0.020334864	-144.84674	4.0812497	0.014803806	0.2335	6.0	449.40948486328125
104	528.4525	599.4687	1319.4662	-142.81253	1000.0	49.890938	60.32466	109.21999	-39.140038	420000	-1.001358e-08	1003.05237	-0.015840398	-120.25751	4.036087	0.0167128	0.19575	5.0	453.4635429382324
105	688.0531	486.13925	1288.4568	-65.58404	1000.0	67.11777	52.956966	109.269966	-39.629974	424000	9.894371e-09	1211.836	-0.045681134	-199.56903	4.059106	0.015513784	0.2555	22.0	457.5025153160095
106	789.8071	573.56537	1278.6298	-180.44006	1000.0	61.403015	50.96325	109.53774	-38.532566	428000	-1.7404556e-08	1410.2196	-0.04887908	-300.3042	4.089336	0.015460515	0.2615	23.0	461.91613125801086
107	281.03665	254.39728	645.0753	-28.843065	1000.0	23.291136	63.275528	116.06699	-43.952286	432000	-4.053116e-09	646.52936	-0.018856779	-258.6608	4.0319633	0.01633804	0.244	6.0	466.1960332393646
108	783.9544	219.99637	1039.9298	473.89456	1000.0	65.02673	36.458656	107.63351	-30.95367	436000	1.8119811e-08	1284.6527	-0.015345047	-311.06744	4.0306687	0.013731394	0.1895	5.0	470.445659160614
109	757.2571	325.9837	1115.3678	258.23895	1000.0	63.82105	49.452423	113.21864	-38.465523	440000	3.71933e-08	1070.9841	-0.045686252	-155.83887	4.051735	0.016074628	0.2665	21.0	474.81246876716614
110	314.36002	342.67667	856.9454	-43.502758	1000.0	28.820955	55.067097	113.51787	-36.150257	444000	-1.3768673e-08	619.01514	-0.050894003	-123.927826	3.9879942	0.015493746	0.2955	26.0	479.8476459980011
111	947.4173	271.67218	1204.9001	507.10596	1000.0	71.85358	34.923832	108.97741	-29.927782	448000	4.7683715e-09	1008.863	-0.022124263	-387.33734	4.056982	0.013453107	0.245	6.0	483.8738820552826
112	978.9206	177.95912	1148.5536	679.7786	1000.0	83.50486	44.45848	116.02208	-29.548262	452000	1.7642975e-08	1505.6233	-0.045284778	-220.7218	3.9892035	0.015777575	0.259	21.0	488.3026773929596
113	1169.1322	106.56395	1309.486	1024.1471	1000.0	104.7189	20.863674	121.662704	-27.24382	456000	-3.576279e-08	1069.4034	-0.04692642	-118.699646	3.9638743	0.016566662	0.26625	22.0	492.4647171497345
114	871.47437	321.236	1205.4165	409.77277	1000.0	78.576256	54.058697	123.307236	-28.873245	460000	3.1471252e-08	1051.4185	-0.017539395	-107.099304	3.8875675	0.01843855	0.23325	5.0	496.9102895259857
115	613.2915	497.2387	1135.9801	-8.079748	1000.0	53.12934	64.61413	124.720665	-35.77525	464000	-2.3841857e-09	801.6239	-0.011673145	-117.18689	3.9224234	0.01687292	0.20175	4.0	501.03222465515137
116	918.155	477.39188	1562.6218	215.19757	1000.0	74.18363	60.4093	124.247284	-36.448456	468000	-1.1920929e-08	1182.865	-0.03233191	-148.63696	3.9243116	0.016011707	0.20475	13.0	505.17234683036804
117	778.14185	576.12714	1415.2274	37.07531	1000.0	64.10021	67.318825	127.620255	-29.993235	472000	-1.4185906e-08	1049.1974	-0.022788094	-93.95862	3.919415	0.015723912	0.21775	8.0	509.23080039024353
118	224.95648	240.19472	456.08572	-175.85777	1000.0	29.76016	63.352505	128.48051	-29.814941	476000	-6.198883e-09	1058.3125	-0.06917904	-440.22565	3.9057431	0.015248297	0.352	69.0	514.0649778842926
119	375.00177	522.2649	1028.799	-306.2482	1000.0	22.756563	62.50347	123.03759	-43.69655	480000	-2.8610229e-08	1055.9299	-0.019515416	-248.97705	3.8737695	0.016070053	0.24825	6.0	518.1492795944214
120	747.6006	542.62885	1279.9376	4.958363	1000.0	62.156345	62.50997	127.53494	-38.13494	484000	-1.7642975e-08	884.9515	-0.055015698	-140.0094	3.901949	0.015450243	0.31825	32.0	522.9885668754578
121	635.17786	502.32944	1138.159	110.20062	1000.0	48.91575	69.266235	128.3733	-38.194534	488000	-3.3378602e-09	980.8833	-0.016071623	-162.78888	3.8437178	0.01555523	0.23225	5.0	527.2574450969696
122	1121.4054	193.32121	1301.9823	824.17377	1000.0	99.25443	44.263695	131.45541	-33.511944	492000	-8.8214875e-09	953.3313	-0.048953418	-144.24683	3.8612223	0.015677446	0.30775	27.0	531.5154500007629
123	870.51355	596.7806	1425.3749	-78.98282	1000.0	80.09675	63.190166	131.22261	-37.343357	496000	4.2915342e-09	1153.233	-0.017914208	-165.28162	3.8330235	0.014770876	0.20825	5.0	535.754974603653
124	507.023	562.80194	1410.0314	-137.93735	1000.0	41.52176	70.367424	132.42876	-37.80084	500000	7.152557e-09	1053.0305	-0.06224481	-173.16858	3.8335276	0.015186878	0.36	43.0	540.1722991466522
125	972.3136	640.83777	1547.7377	-71.647644	1000.0	75.97205	67.67459	135.1564	-35.38492	504000	4.7683715e-09	1376.387	-0.03342457	-325.6162	3.7382393	0.015886571	0.199	14.0	543.9701154232025
126	339.43588	441.29498	1092.3801	-35.409977	1000.0	31.764889	77.97738	143.08498	-42.73421	508000	1.1205673e-08	1178.5411	-0.06833335	-622.2958	3.7801824	0.0047798147	0.3775	79.0	548.6531643867493
127	417.89917	364.93692	844.92267	-137.14825	1000.0	30.99832	58.507126	130.52669	-34.556442	512000	-1.9550324e-08	979.80115	-0.014337491	-240.23901	3.7143676	0.019722234	0.2795	4.0	552.8841278553009
128	1129.4763	388.6963	1435.8964	462.3718	1000.0	85.63419	44.486874	136.51328	-26.406553	516000	-8.5830685e-09	1571.5951	-0.033044893	-513.23804	3.685497	0.015522414	0.22825	12.0	557.1999697685242
129	1058.0842	412.37598	1507.8121	411.74103	1000.0	90.16178	59.63023	140.27345	-29.2514	520000	-1.2874604e-08	1256.4779	-0.01361085	-148.23743	3.6670103	0.018903838	0.24275	4.0	561.4200532436371
130	702.93304	561.73145	1429.952	110.65966	1000.0	60.998207	74.09384	142.90611	-32.534424	524000	-1.3589859e-08	1198.9828	-0.013254966	-209.62738	3.7093399	0.016514912	0.24675	5.0	566.243111371994
131	895.156	638.9548	1505.5127	5.9886293	1000.0	76.10593	66.33795	142.30438	-34.675076	528000	1.4305115e-09	1288.8728	-0.037346672	-260.91663	3.7221477	0.016369713	0.20825	16.0	570.4755792617798
132	1187.0967	333.41052	1623.9124	774.65326	1000.0	101.49122	62.099277	145.89812	-42.829674	532000	-8.106232e-09	1207.2941	-0.06385566	-193.53503	3.7075489	0.015097193	0.355	57.0	574.9713802337646
133	654.12	662.4698	1467.8605	-37.660736	1000.0	59.421127	76.70794	146.5793	-29.563152	536000	-9.775162e-09	1152.254	-0.062268212	-201.08942	3.6172805	0.0026149577	0.34325	79.0	579.5897145271301
134	1107.4331	325.57095	1449.2332	602.0002	1000.0	99.55913	57.194283	146.19724	-31.96956	540000	-9.536744e-10	1472.1	-0.04286947	-257.32214	3.6551561	0.016695065	0.28125	18.0	584.006157875061
135	1087.4949	692.8494	1695.0083	-90.05622	1000.0	92.63071	59.473793	146.07895	-24.045206	544000	-7.152557e-09	1524.9	-0.055488452	-259.39294	3.6285172	0.015622248	0.30625	33.0	588.4890642166138
136	1050.8562	343.26917	1592.1713	640.9065	1000.0	108.238525	52.501305	150.11676	-26.774002	548000	-2.8610229e-08	2029.6116	-0.021794455	-395.62988	3.584841	0.019836737	0.17825	7.0	592.6050086021423
137	897.3522	356.06686	1279.8458	530.5885	1000.0	79.9198	63.377346	149.45036	-30.279192	552000	3.409386e-08	1392.5511	-0.020449616	-208.36548	3.5622504	0.016714456	0.19325	6.0	596.8572299480438
138	1175.6276	284.21942	1499.6555	732.5519	1000.0	97.769485	49.141804	149.35837	-21.597328	556000	-5.4836273e-09	1362.6982	-0.035833005	-270.432	3.5471997	0.016490735	0.26875	13.0	601.1009247303009
139	790.1975	466.14786	1334.2845	65.24619	1000.0	65.92071	68.49821	149.26584	-21.258688	560000	-6.198883e-09	979.12756	-0.011828825	-143.12262	3.5187523	0.015028452	0.21825	4.0	605.1076154708862
140	1229.424	521.3236	1740.8905	374.2541	1000.0	106.95292	55.348137	150.66106	-19.945734	564000	-1.1920929e-09	1678.4978	-0.045342248	-217.14807	3.5392652	0.0155851515	0.2895	21.0	610.1563456058502
141	872.72473	674.8541	1545.7303	-145.03133	1000.0	81.768906	72.77486	154.97356	-23.23506	568000	-3.8146974e-09	1036.7974	-0.06991412	-169.16321	3.5607817	0.011519261	0.4085	79.0	614.9796495437622
142	866.77136	478.71872	1300.7203	56.229584	1000.0	79.72603	69.64171	153.82655	-28.128595	572000	3.3378602e-09	1405.09	-0.02023088	-270.24817	3.4570646	0.016788503	0.198	6.0	619.3195195198059
143	1068.2814	584.0343	1687.7305	328.60983	1000.0	81.339935	66.832085	153.32306	-28.742493	576000	5.1259995e-08	1322.8119	-0.017332103	-380.64178	3.5360036	0.017598785	0.2365	5.0	623.4445912837982
144	1100.1863	705.78656	1818.4689	-27.512804	1000.0	103.34065	66.606255	156.44687	-23.53005	580000	3.8146974e-09	1953.551	-0.03130857	-232.93958	3.4974327	0.01730996	0.28425	12.0	627.6048917770386
145	768.75684	323.24554	1314.9801	487.258	1000.0	65.88668	80.50377	159.73718	-34.370434	584000	1.2397766e-08	1447.5469	-0.017339334	-279.84314	3.4479086	0.020260844	0.272	5.0	631.6769909858704
146	690.6113	710.70026	1749.8428	-172.81424	1000.0	54.80616	77.79535	159.03654	-32.494427	588000	-2.5749207e-08	1045.2292	-0.018716387	-172.50195	3.4321165	0.018494781	0.248	6.0	636.1009356975555
147	558.7981	310.7265	1089.6615	303.5794	1000.0	45.24642	78.99886	160.66542	-32.21808	592000	-1.5497207e-08	995.76355	-0.030819647	-249.31085	3.4375713	0.016917465	0.2575	12.0	640.4793946743011
148	787.8299	352.12827	1255.8787	309.76004	1000.0	70.98749	70.12596	155.98862	-29.37001	596000	-1.4901161e-08	1624.1831	-0.014396738	-357.3678	3.5074873	0.017629895	0.24575	4.0	644.4254972934723
149	731.5466	428.42813	1471.9755	443.2018	1000.0	57.519974	75.162636	155.95567	-34.84616	600000	-6.198883e-09	1160.1614	-0.030468866	-172.83972	3.4222958	0.017430035	0.23675	11.0	648.5042567253113
150	1296.5576	469.82806	1762.5211	525.8761	1000.0	103.54594	63.55916	158.62032	-27.903336	604000	1.3828277e-08	1508.7025	-0.029998852	-301.31042	3.4693441	0.016274951	0.2255	11.0	653.3932089805603
151	1377.7362	340.0424	1603.0038	789.95026	1000.0	117.13969	63.0452	162.10632	-23.54674	608000	-6.0200693e-09	1544.6188	-0.018678306	-200.11548	3.4509869	0.015643675	0.28775	6.0	656.9533832073212
152	1067.9373	596.3561	1741.1619	194.0638	1000.0	100.43228	73.77672	164.58478	-13.929027	612000	-4.7683715e-09	1238.9257	-0.031061297	-168.70886	3.4509144	0.016653825	0.24975	12.0	661.3558292388916
153	1172.825	772.11176	1848.6173	-69.11011	1000.0	107.41845	67.77165	163.11568	-26.09516	616000	1.7642975e-08	2380.9404	-0.016761955	-352.87195	3.4123685	0.015623715	0.22275	5.0	665.7944641113281
154	800.61523	533.12866	1362.5101	-67.4137	1000.0	61.228325	85.96768	167.00183	-43.26869	620000	-1.525879e-08	1321.2844	-0.018387895	-193.65564	3.4256628	0.016230261	0.228	6.0	669.8824739456177
155	1148.04	420.5893	1829.2705	702.5429	1000.0	106.09375	77.31542	168.32137	-50.21748	624000	-1.9073487e-09	1893.2961	-0.021228693	-336.62378	3.4168093	0.016455067	0.25325	8.0	674.0842168331146
156	1651.2692	74.235985	1717.4591	1529.7661	1000.0	144.73607	16.980167	168.51537	7.9356933	628000	-1.9073487e-09	1599.1742	-0.020653002	-347.04895	3.421961	0.016909767	0.1965	7.0	678.5135662555695
157	1137.5444	505.65668	1711.7417	383.27985	1000.0	107.93018	73.62215	167.49876	-20.763855	632000	1.3947487e-08	1299.1854	-0.024266832	-221.47522	3.398625	0.01721882	0.22625	9.0	682.6606984138489
158	1249.1655	399.78708	1600.7981	569.565	1000.0	109.8485	66.37642	166.08081	-35.427097	636000	-2.384186e-10	1122.003	-0.014620737	-134.96625	3.4010935	0.016623637	0.2075	4.0	686.8911783695221
159	1403.4722	331.35522	1676.5131	836.7168	1000.0	129.51434	53.06806	167.08879	-25.372463	640000	1.1444092e-08	1386.085	-0.0091908565	-197.35938	3.415902	0.020473009	0.231	3.0	690.977059841156
160	1012.20447	716.105	1715.0154	-45.89706	1000.0	90.08127	75.324455	165.10698	-31.789139	644000	2.4795533e-08	1336.9342	-0.04702592	-174.06885	3.404196	0.015952513	0.3035	25.0	695.5104813575745
161	1225.0566	684.4416	1780.5222	56.338875	1000.0	99.94009	75.83721	166.76053	-49.929054	648000	-6.437302e-09	1502.0162	-0.033257753	-262.18054	3.4099927	0.015978906	0.23625	14.0	699.8481669425964
162	981.5255	699.09454	1742.3959	185.15067	1000.0	88.853905	84.18756	171.38756	-27.401278	652000	-3.3378602e-09	1127.7924	-0.04035512	-235.49243	3.3821504	0.016094366	0.288	19.0	704.0253436565399
163	1541.3391	401.93927	1904.6561	861.9131	1000.0	128.43416	51.97116	167.22485	-18.667568	656000	-1.9073486e-08	1547.8425	-0.014958607	-306.85938	3.3249598	0.018745877	0.2375	4.0	708.1513895988464
164	1569.9907	236.73135	1899.6042	1249.7177	1000.0	148.13853	44.112755	171.8259	-25.474977	660000	4.7683715e-09	1983.6575	-0.01468054	-238.74878	3.3311443	0.01731128	0.24775	4.0	712.1514210700989
165	1717.5667	102.718956	1856.4735	1580.8849	1000.0	150.13432	31.703613	172.1718	-36.20896	664000	-2.3841857e-09	1832.7981	-0.0435717	-303.14258	3.3698754	0.015282733	0.31325	26.0	716.4687094688416
166	1427.7941	454.19952	1902.4891	711.5125	1000.0	134.04741	60.083107	174.18442	-14.773101	668000	3.051758e-08	1899.4673	-0.015019455	-226.21814	3.3357353	0.020010116	0.247	4.0	720.8012454509735
167	1379.9014	214.44958	1695.8647	1091.1705	1000.0	135.21376	49.45318	173.22551	-15.300288	672000	5.4836273e-09	2018.3291	-0.016090373	-395.38037	3.3589199	0.015802914	0.2395	5.0	724.9986362457275
168	1331.3721	421.65326	1780.8306	744.40625	1000.0	112.305145	63.788033	168.71251	-25.758297	676000	1.26361845e-08	1556.8777	-0.014960373	-276.86523	3.3110044	0.017359994	0.21875	5.0	729.2176337242126
169	1568.0471	187.79799	1839.8823	1350.1195	1000.0	142.89133	45.97139	172.65321	-20.055647	680000	-3.2901763e-08	1353.8191	-0.016129592	-136.29688	3.3147323	0.01508571	0.227	5.0	733.4723882675171
170	1052.9666	547.6658	1552.274	158.62708	1000.0	96.92931	81.60249	173.47626	-26.200668	684000	1.0251999e-08	1446.7476	-0.030382747	-210.61731	3.3286593	0.01670872	0.27875	13.0	738.1132464408875
171	1437.321	475.71207	1800.7087	627.2435	1000.0	125.80577	59.030373	171.37996	-23.489319	688000	4.053116e-09	1587.1986	-0.015264265	-201.75842	3.3131998	0.013511044	0.198	5.0	741.9811561107635
172	938.25995	559.7333	1709.0613	370.376	1000.0	82.363205	85.058846	173.26862	-32.73043	692000	5.334616e-09	1204.8643	-0.01181292	-189.44495	3.295052	0.015913969	0.27075	4.0	745.839941740036
173	1638.9277	241.93956	1971.0247	1290.7592	1000.0	142.87968	33.398056	169.41385	-18.525843	696000	0.0	1836.3011	-0.034957275	-236.97131	3.302816	0.016335685	0.24875	15.0	749.8081524372101
174	1663.8331	83.692345	1788.9408	1555.3911	1000.0	151.88898	25.028309	176.31966	-25.08485	700000	1.4305114e-08	1682.215	-0.013322122	-212.96301	3.252377	0.016957382	0.19925	4.0	754.2168705463409
175	1625.1677	61.828934	1706.164	1537.8022	1000.0	152.41594	18.561869	174.12231	-7.115844	704000	-2.4080277e-08	1854.7106	-0.01271823	-274.1062	3.2930403	0.01900031	0.24525	4.0	758.2068893909454
176	1366.677	518.0926	1929.082	626.7583	1000.0	119.402214	62.19183	175.6494	-12.227142	708000	-4.2915342e-09	1585.142	-0.017483866	-370.01013	3.3009043	0.0179227	0.2555	5.0	762.3746643066406
177	1514.6636	463.21185	1845.241	717.41895	1000.0	137.86107	60.73173	178.04572	-28.153477	712000	1.1920929e-08	1419.2203	-0.06336165	-163.26196	3.3077936	0.0035229845	0.3715	79.0	766.9503102302551
178	1370.0808	677.94446	1896.6854	210.30583	1000.0	119.94782	73.39022	176.25554	-25.428505	716000	6.6757204e-09	1633.2507	-0.03293239	-222.07861	3.177957	0.015475006	0.272	12.0	771.4077560901642
179	1371.6938	673.27374	1815.2562	207.11494	1000.0	123.65884	76.84927	180.58325	-28.78763	720000	1.2874604e-08	1509.817	-0.014565235	-206.45557	3.252096	0.015555583	0.22725	4.0	775.5100257396698
180	1746.8785	114.20598	1925.3368	1630.7488	1000.0	156.02449	31.32623	181.11774	-25.287172	724000	-2.9325486e-08	1917.2368	-0.029866116	-308.73523	3.232214	0.015169458	0.226	11.0	780.3349964618683
181	1843.1353	31.01452	1895.4099	1817.6444	1000.0	166.03406	12.367944	184.08199	41.26167	728000	4.6491624e-09	1771.0989	-0.063639455	-202.6294	3.2164717	0.0072693424	0.3525	79.0	785.2058682441711
182	1779.1521	136.3413	1945.9377	1584.1265	1000.0	160.55983	33.994938	185.05896	-26.579685	732000	-2.9087067e-08	2015.8253	-0.014205856	-256.11377	3.1500509	0.017319253	0.233	4.0	789.125599861145
183	1720.3425	326.5123	1998.1952	1166.2655	1000.0	152.56169	55.991436	186.42116	-43.945988	736000	5.042553e-08	1732.7128	-0.018889843	-188.25696	3.1372724	0.01578034	0.198	6.0	793.3217296600342
184	1122.196	653.23926	1768.4595	34.12931	1000.0	96.15351	94.606	188.68704	-37.750008	740000	-2.5272369e-08	1658.7023	-0.024036016	-275.2085	3.1979012	0.017550651	0.1955	8.0	797.0819208621979
185	1401.0061	788.67487	2129.5222	111.26918	1000.0	123.60907	78.067764	190.14471	-45.674618	744000	-1.4305115e-09	1984.6628	-0.03165127	-303.1045	3.1499004	0.019576862	0.2555	12.0	801.109748840332
186	1829.8594	292.97598	2179.005	1367.0254	1000.0	166.44081	36.904842	193.185	-20.211145	748000	-2.861023e-09	2399.8853	-0.03241747	-345.16797	3.1353705	0.0161484	0.2525	13.0	805.139084815979
187	935.9723	913.36115	1852.0314	-116.41493	1000.0	91.32953	96.218094	195.2871	-28.236988	752000	-2.3841857e-09	1546.8671	-0.013731786	-390.7046	3.0915625	0.018831886	0.24675	4.0	809.1409418582916
188	1464.2784	808.7747	2062.1614	71.21538	1000.0	121.84256	77.94036	191.39735	-33.162548	756000	-1.9073487e-09	1994.2961	-0.015648913	-396.71936	3.1172051	0.016361764	0.25275	4.0	813.1926691532135
189	1737.0132	258.2124	1943.5063	1294.3156	1000.0	155.26724	52.407753	193.54611	-23.431328	760000	2.3841858e-08	1778.8953	-0.031094858	-233.2019	3.1122012	0.016070358	0.26025	13.0	816.9789073467255
190	1924.481	64.77718	1969.9255	1812.6915	1000.0	173.39465	27.66039	195.71246	-21.678541	764000	-4.172325e-09	2049.5051	-0.026984911	-277.54382	3.080187	0.014912089	0.21925	10.0	821.8254001140594
191	1033.8751	741.0567	1774.3295	206.19928	1000.0	104.27337	94.33485	197.95743	-27.417091	768000	-9.536744e-10	2140.978	-0.013263357	-705.9352	3.0619333	0.01656167	0.2985	4.0	826.1769950389862
192	1307.949	873.5096	2072.1995	-104.019844	1000.0	107.786934	73.98713	190.68477	-27.678482	772000	9.536743e-09	2725.217	-0.0134214135	-536.9199	3.0935814	0.018421581	0.221	4.0	830.0644066333771
193	1268.34	879.82697	2132.4211	-202.69919	1000.0	113.64183	85.47127	197.21997	-32.19883	776000	8.225441e-09	2206.774	-0.011618443	-409.66223	3.0547752	0.018715499	0.213	3.0	834.1299142837524
194	1615.4645	559.2779	2043.1967	653.7889	1000.0	144.61679	72.63586	200.90147	-36.222794	780000	-1.1920929e-09	1902.7267	-0.012746276	-331.67224	3.1113753	0.0178879	0.3015	4.0	838.2449901103973
195	854.4926	823.0802	1990.258	-179.43387	1000.0	77.59325	96.73405	200.64178	-29.731348	784000	-7.2717667e-09	1804.4502	-0.01431186	-301.8589	3.0759683	0.017419593	0.23475	4.0	842.0201017856598
196	1053.3519	587.4493	2039.3917	488.9478	1000.0	101.57817	88.17224	199.39993	-36.65207	788000	-4.005432e-08	2637.594	-0.014285449	-591.5973	3.098166	0.01774258	0.2525	4.0	846.1691584587097
197	1640.2756	432.94177	1965.002	895.0096	1000.0	136.85654	61.246784	191.46696	-37.22377	792000	-1.180172e-08	1802.0795	-0.028494809	-440.83252	3.0955622	0.016625931	0.2575	11.0	850.0168650150299
198	1035.8973	402.01428	1437.0541	391.73773	1000.0	74.93173	95.96301	195.42062	-39.071556	796000	-4.7683717e-08	4919.933	-0.013165938	-1780.999	3.0644057	0.016870728	0.25575	4.0	854.1248271465302
199	1567.1428	763.474	2200.5447	283.83295	1000.0	124.62046	59.77281	188.10928	-19.25104	800000	4.4107438e-09	2290.3965	-0.025077282	-772.4021	3.0163176	0.01795043	0.22525	9.0	857.9687836170197
200	1486.9412	544.29114	2117.8142	721.77374	1000.0	138.26843	76.6986	202.30914	-43.780186	804000	-1.6689301e-09	2609.9612	-0.013931531	-404.563	3.059643	0.016154576	0.303	4.0	862.7424006462097
201	1710.138	443.15912	2168.3792	996.44867	1000.0	152.67235	70.75459	203.80981	-47.72064	808000	2.1219254e-08	2582.5525	-0.029210864	-472.58423	3.0451076	0.015572743	0.26325	11.0	866.9704377651215
202	1357.3546	442.3709	2043.9559	878.00244	1000.0	123.05099	83.16846	201.72752	-19.785612	812000	-1.1205673e-08	1460.5399	-0.016539931	-247.63489	3.0102782	0.019899398	0.2495	5.0	870.9673805236816
203	1262.642	479.31165	1736.6237	602.0987	1000.0	111.678314	89.01751	203.18787	-28.176662	816000	-7.808208e-09	2660.355	-0.014627541	-552.124	3.0181565	0.018245414	0.2185	4.0	875.337292432785
204	1585.8022	781.89355	2113.2002	234.7222	1000.0	135.95137	72.23176	199.19957	-27.594296	820000	6.6757204e-09	2081.9177	-0.024720928	-282.0891	3.0209546	0.015811646	0.215	9.0	879.3220715522766
205	1478.0181	743.8682	2106.415	241.46678	1000.0	138.40598	78.23691	204.0491	-31.748787	824000	-3.3378602e-09	2255.9067	-0.016693465	-278.4535	3.0579014	0.01650202	0.2145	6.0	883.4260902404785
206	1895.885	89.01519	2019.1664	1791.6667	1000.0	172.0975	28.927958	203.61769	-21.509785	828000	2.0980835e-08	2091.3596	-0.06521871	-327.73645	3.0404177	0.011788814	0.373	79.0	887.958212852478
207	1271.5121	734.76135	1949.2842	32.879467	1000.0	126.59213	76.8095	200.28012	-25.838116	832000	1.3113022e-09	2540.676	-0.070797734	-608.50464	2.9312568	0.008483752	0.402	79.0	892.5432395935059
208	1129.914	841.98694	2020.6697	-24.036524	1000.0	97.53551	86.454124	193.9878	-28.500046	836000	-7.2717667e-09	1536.945	-0.014681995	-196.09497	2.898923	0.01692195	0.18175	4.0	896.6236398220062
209	1343.2434	793.87604	1861.4806	-28.861103	1000.0	112.13803	83.46868	199.9918	-30.392815	840000	1.8119811e-08	1914.1749	-0.04335228	-390.87378	2.879162	0.016139455	0.264	20.0	900.973973274231
210	1452.0134	856.37024	2169.4883	0.72792935	1000.0	131.18076	87.16785	203.00565	-28.192488	844000	-9.059906e-09	1766.125	-0.029310262	-190.40186	2.910434	0.017254082	0.24425	11.0	905.826721906662
211	1909.3477	201.77843	2144.3496	1635.8344	1000.0	180.1634	28.224438	206.58675	-25.422434	848000	2.1100044e-08	3136.055	-0.017326914	-481.9458	2.91977	0.016810779	0.1955	5.0	910.0734322071075
212	1605.3417	436.26367	2207.1487	974.3461	1000.0	134.83182	83.24645	206.90771	-33.402637	852000	2.503395e-08	1706.8304	-0.021384614	-337.76318	2.9402955	0.018060444	0.2815	7.0	914.0906674861908
213	1256.9297	587.9055	2016.7014	437.35507	1000.0	124.050644	93.96718	208.14247	-26.539476	856000	2.336502e-08	1713.9805	-0.015068448	-369.4403	2.9101806	0.016656192	0.24175	4.0	918.2577247619629
214	1966.7646	60.524754	2032.5555	1895.0538	1000.0	174.60974	15.693819	202.29059	47.795376	860000	-1.4305114e-08	2210.3086	-0.008700009	-308.87488	2.9224057	0.018791683	0.18625	3.0	922.416261434555
215	1920.5621	176.32503	2087.845	1664.8076	1000.0	174.41257	38.79964	205.76007	-28.869602	864000	4.1007997e-08	2068.9812	-0.01463939	-271.96997	2.9818935	0.017170513	0.2305	5.0	926.1324067115784
216	1727.5994	625.9556	2141.531	646.4481	1000.0	152.06088	72.94185	205.94308	-31.324158	868000	3.3020974e-08	1720.0381	-0.013135998	-255.82068	2.9560044	0.018817581	0.24975	4.0	930.4021711349487
217	1532.2573	461.41705	1995.4197	1023.0063	1000.0	139.00696	89.10425	207.4949	-40.48996	872000	-8.8214875e-09	1684.9716	-0.0111819245	-258.57703	2.9210749	0.013378887	0.274	4.0	934.420093536377
218	1824.9043	544.84686	2172.1353	882.127	1000.0	158.75873	62.760532	206.52249	-23.778528	876000	3.6478042e-08	2378.6655	-0.014203309	-300.06006	2.9086504	0.020189872	0.27325	4.0	938.4194509983063
219	1475.9802	762.8845	2078.408	173.10257	1000.0	144.07915	83.9107	208.889	-30.165602	880000	-5.1259996e-09	1907.2697	-0.03452312	-370.91638	2.9408152	0.014667668	0.29875	14.0	942.7260499000549
220	1951.3347	23.414654	1989.49	1926.2279	1000.0	170.30911	26.556423	202.13171	-55.671623	884000	2.503395e-09	2464.7285	-0.024337323	-422.91943	2.914085	0.021384953	0.248	9.0	947.7934138774872
221	1487.4417	427.0141	2051.9792	929.9591	1000.0	145.97353	69.61483	206.3105	-17.176287	888000	1.7404556e-08	2132.9092	-0.06901567	-367.4679	2.9527168	0.012005711	0.37175	79.0	952.5469117164612
222	1601.9192	357.97742	2119.6248	1132.1045	1000.0	139.73618	70.76144	204.62123	-29.32096	892000	1.7642975e-08	2128.9355	-0.018230693	-317.57898	2.870352	0.016357712	0.21675	5.0	956.7233862876892
223	1825.386	401.02286	2097.535	1133.0106	1000.0	159.18271	61.202644	206.84921	-29.557507	896000	2.4795533e-08	1880.0446	-0.01639876	-312.8777	2.9224946	0.017115232	0.2565	5.0	960.8057565689087
224	2006.7292	221.3598	2251.26	1653.6173	1000.0	146.75525	79.635475	206.50383	-30.734417	900000	-6.437302e-09	6672.136	-0.024099605	-4583.4243	2.8691523	0.016753456	0.23675	8.0	964.9809503555298
225	1652.2771	67.450165	1705.1207	1538.7517	1000.0	178.31001	40.196327	211.03557	17.191734	904000	-1.525879e-08	3754.5564	-0.020667164	-1349.9221	2.874208	0.01577522	0.22	7.0	969.08025431633
226	2000.9827	25.039513	2019.8254	1958.5624	1000.0	171.56104	12.275131	200.49042	39.11734	908000	1.692772e-08	2171.493	-0.060840096	-333.85547	2.8610215	0.007631706	0.3465	79.0	973.918951511383
227	1774.9922	327.60663	2131.624	1369.0983	1000.0	160.03748	58.396126	209.077	-15.038618	912000	-1.6450882e-08	2354.1284	-0.033048417	-621.82776	2.8772163	0.016060641	0.225	11.0	977.7788701057434
228	2110.2612	68.07147	2206.111	2034.1708	1000.0	193.4853	10.845379	212.04478	63.758133	916000	2.6226044e-08	1961.0997	-0.012912993	-145.81335	2.8556333	0.014499056	0.24025	4.0	981.9345152378082
229	1739.4255	499.88794	2133.4006	899.53015	1000.0	162.1069	73.819016	211.71533	-37.997105	920000	-2.4080277e-08	2680.2285	-0.022992644	-268.78564	2.793977	0.01596184	0.24225	8.0	985.9774391651154
230	1534.8699	753.6869	2226.0676	295.7635	1000.0	137.57797	89.06662	212.00146	-40.87454	924000	-6.9141386e-09	1977.0012	-0.012887463	-213.92358	2.8044698	0.014777114	0.21875	4.0	990.8914489746094
231	1796.7972	529.08496	2252.5137	923.38007	1000.0	155.93404	75.75341	211.88342	-47.73672	928000	8.5830685e-09	2259.85	-0.01259467	-257.70813	2.798047	0.019364055	0.29375	4.0	995.0702750682831
232	2167.725	116.07035	2282.4316	1974.352	1000.0	190.41138	30.355234	212.85379	-33.326748	932000	-6.6757204e-09	2378.73	-0.023943916	-219.71704	2.806061	0.016105281	0.28375	10.0	999.3227188587189
233	1512.906	939.09174	2132.9973	-111.05102	1000.0	148.42873	91.873276	216.29343	-38.705795	936000	2.861023e-09	2265.149	-0.03402652	-382.26477	2.7801754	0.016425785	0.265	14.0	1003.5734760761261
234	1910.6458	418.4687	2281.411	1250.9199	1000.0	174.87787	45.029755	213.79616	-26.899363	940000	7.1525574e-10	3679.143	-0.02325716	-460.64526	2.7486842	0.015600363	0.21775	7.0	1007.2994930744171
235	2114.0356	116.1308	2267.9402	1940.9298	1000.0	185.46002	28.195309	214.31926	-50.955658	944000	1.2516975e-08	2605.813	-0.012859833	-342.1499	2.7486792	0.021379385	0.2315	4.0	1011.6141941547394
236	2049.7693	337.4475	2292.2578	1468.6787	1000.0	180.16866	61.001774	216.07251	-55.945393	948000	1.0848045e-08	2406.6643	-0.010675547	-222.93091	2.7735608	0.026542014	0.33925	3.0	1015.599125623703
237	1233.9692	828.64197	1970.4236	-46.980972	1000.0	126.67543	101.45097	218.77652	-38.579376	952000	2.6464463e-08	2164.43	-0.01285636	-581.8562	2.76723	0.014787747	0.1765	4.0	1019.6702506542206
238	2204.3618	85.05707	2315.561	2097.553	1000.0	182.47572	11.049632	209.79776	81.96793	956000	2.1338463e-08	2956.546	-0.02326457	-633.323	2.7960048	0.014785237	0.2555	8.0	1024.1082170009613
239	1617.5769	594.839	2326.2778	974.3627	1000.0	145.54137	97.69783	218.35184	-54.874138	960000	-1.7642975e-08	2009.5858	-0.060543448	-230.1023	2.7543566	0.004039796	0.345	79.0	1028.5890588760376
240	2206.496	127.39443	2328.918	1992.7618	1000.0	194.52028	28.671799	217.95605	-39.659645	964000	-2.7060509e-08	2881.6643	-0.036565717	-258.59033	2.7307925	0.015303839	0.2395	16.0	1033.7905106544495
241	1091.6036	1049.2538	2183.7002	-90.63369	1000.0	110.27314	107.58867	219.82593	-42.16318	968000	-5.3644182e-09	2102.3438	-0.014327296	-410.0293	2.8005543	0.01689562	0.1935	4.0	1037.9718790054321
242	2200.686	69.35524	2275.0583	2087.5488	1000.0	189.4641	16.152378	217.00992	8.068709	972000	-2.503395e-09	2790.205	-0.016066445	-425.7119	2.763137	0.015175623	0.20525	5.0	1042.1536829471588
243	1567.0742	1035.7686	2195.1543	-226.5144	1000.0	143.34612	99.08323	220.06306	-51.473946	976000	-3.8146974e-09	2306.1965	-0.008805518	-259.36377	2.732273	0.02254651	0.28375	3.0	1046.199933052063
244	1833.5237	624.8533	2299.247	758.22015	1000.0	166.28503	83.56809	222.14561	-51.79484	980000	3.71933e-08	2270.2905	-0.010828216	-254.57874	2.7393355	0.022220157	0.2925	3.0	1050.5448346138
245	1906.9727	404.45963	2165.0132	1207.0427	1000.0	170.07599	72.56963	221.36256	-46.73084	984000	-7.510185e-09	2777.39	-0.030864337	-329.646	2.6909049	0.017274383	0.2675	12.0	1054.9307136535645
246	1376.1107	892.46265	2207.8152	79.634926	1000.0	128.66954	96.635864	220.96797	-33.716488	988000	-1.5974045e-08	2057.1477	-0.029203149	-303.42322	2.7459834	0.01720819	0.26925	10.0	1059.0771460533142
247	2038.0391	239.57762	2229.481	1631.0541	1000.0	181.83322	46.922577	219.80884	-42.409782	992000	1.9550324e-08	2112.4468	-0.021385407	-268.00696	2.6819682	0.015851598	0.2195	8.0	1063.34224152565
248	1755.1125	771.934	2400.5432	460.55975	1000.0	156.56888	86.39301	219.80573	-51.53694	996000	7.152557e-09	2164.4155	-0.014305934	-250.10168	2.688956	0.019112615	0.27125	4.0	1067.5471951961517
249	2294.2349	54.93451	2359.0356	2226.235	1000.0	198.7479	8.78086	221.54034	102.730705	1000000	-1.9073487e-09	2572.9243	-0.017201427	-342.5808	2.6986272	0.01617131	0.23575	6.0	1072.4280197620392
