Time AverageEpRet StdEpRet MaxEpRet MinEpRet	 EpLen meanHE SDHE SDLP SDspeed	TotalEnvInteracts	LossPi	LossV	DeltaLossPi	DeltaLossV	Entropy	KL	ClipFrac	StopIter	Miles
0	-742.6266	106.50157	-619.8808	-861.4806	1000.0	-0.008819258	0.48567757	1.8796813	-1.6957129	4000	-1.026094e-07	5410.608	-0.051977217	-874.3789	5.5445275	0.015950125	0.22775	17.0	5.435153484344482
1	-825.57385	41.712555	-776.61615	-872.3435	1000.0	-7.311927	4.35605	7.3449273	-15.211369	8000	1.051426e-07	5266.0396	-0.044830583	-1841.2036	5.477143	0.015837131	0.21325	20.0	9.879346132278442
2	-694.7995	79.7369	-600.87555	-821.5242	1000.0	-23.141464	2.251827	8.244481	-24.028378	12000	-1.5616417e-08	1953.3024	-0.05182989	-453.88318	5.462959	0.015932016	0.27025	28.0	14.256056070327759
3	-621.4998	117.75051	-462.8336	-772.8928	1000.0	-28.820047	3.0430725	17.328756	-29.67219	16000	3.576279e-08	1557.1694	-0.018649464	-239.61084	5.465075	0.014852419	0.20025	6.0	18.46938705444336
4	-677.509	135.80498	-501.77966	-842.29694	1000.0	-33.61337	0.92122215	-15.507432	-33.88957	20000	-4.768372e-10	1562.1377	-0.0143595785	-227.4513	5.426498	0.018438295	0.2165	5.0	22.81573176383972
5	-569.63904	36.81699	-533.98596	-631.17896	1000.0	-37.994072	1.0057064	-11.141917	-38.19014	24000	2.9087067e-08	580.7134	-0.050782755	-48.68988	5.488513	0.015281723	0.2695	27.0	27.5283145904541
6	-646.656	108.59112	-492.91266	-799.9634	1000.0	-40.12547	1.299387	-4.7856812	-40.367348	28000	4.0769578e-08	1050.3617	-0.014894805	-109.67639	5.4366207	0.018152216	0.197	6.0	31.860578536987305
7	-544.07227	34.253822	-486.1071	-575.3027	1000.0	-43.365406	0.73883504	-23.976597	-43.522945	32000	2.4795533e-08	338.18817	-0.041376017	-18.272247	5.440202	0.017644992	0.2055	19.0	36.41813921928406
8	-540.343	24.7993	-521.8251	-582.37036	1000.0	-44.732353	1.7163159	-4.121994	-44.983715	36000	7.390976e-09	353.34412	-0.020005107	-12.065216	5.444083	0.014099112	0.19525	7.0	41.03168082237244
9	-556.40955	60.820084	-493.40915	-628.8072	1000.0	-45.49426	2.491775	7.248476	-45.944607	40000	2.0503998e-08	319.20456	-0.015673123	-15.453705	5.411705	0.016754325	0.215	6.0	45.258039236068726
10	-566.84644	86.6705	-500.95862	-715.48376	1000.0	-46.315975	2.904223	2.7707198	-46.976437	44000	7.1525574e-10	607.3509	-0.04842704	-27.765259	5.4277472	0.015508789	0.264	23.0	49.93868637084961
11	-509.4809	86.320206	-366.37994	-597.96063	1000.0	-47.48345	3.6356	20.201557	-48.321144	48000	2.0980835e-08	270.71042	-0.016758505	-46.052094	5.373942	0.017682005	0.25375	6.0	54.20554542541504
12	-515.675	26.249876	-492.45395	-558.8689	1000.0	-44.439827	7.508146	1.6258782	-48.921444	52000	7.390976e-09	326.59705	-0.018740153	-32.968414	5.4234657	0.015992789	0.23425	7.0	58.51971101760864
13	-476.23273	72.654274	-379.09454	-549.1739	1000.0	-46.281757	6.057799	13.522178	-48.949253	56000	2.384186e-10	274.86038	-0.045591623	-24.863693	5.4013076	0.017032329	0.21725	21.0	63.023969888687134
14	-486.5855	51.01906	-421.46597	-563.10815	1000.0	-43.094036	7.7433014	-0.6476594	-48.81564	60000	-5.6028364e-09	314.5432	-0.014288963	-31.779358	5.394765	0.02002211	0.24925	5.0	67.2077476978302
15	-482.4328	46.463074	-429.5363	-537.2771	1000.0	-45.42102	5.9080877	7.5251946	-48.94745	64000	6.9141386e-09	208.08913	-0.04360427	-24.560654	5.381491	0.015792584	0.195	22.0	71.8229603767395
16	-447.0336	30.641132	-421.5208	-499.2509	1000.0	-42.291317	6.931214	0.74534106	-48.703358	68000	-5.00679e-09	288.8889	-0.016283007	-34.996017	5.32898	0.015516137	0.222	6.0	75.9432098865509
17	-391.70905	86.73921	-288.97632	-521.6915	1000.0	-39.947506	6.8845687	6.120774	-48.494385	72000	-1.2397766e-08	349.71533	-0.048420947	-86.96695	5.2914033	0.016954023	0.2465	23.0	80.22429180145264
18	-498.49747	35.88016	-449.50595	-550.81854	1000.0	-33.97607	5.9556723	3.017778	-47.91738	76000	2.193451e-08	353.91013	-0.01829068	-166.17244	5.2902274	0.017300969	0.2115	7.0	84.59933114051819
19	-416.5263	36.59144	-366.30502	-459.3784	1000.0	-43.876442	4.1018286	-4.8315287	-48.73458	80000	8.106232e-09	372.35687	-0.049458146	-68.37976	5.3017764	0.015673505	0.2465	25.0	89.10785436630249
20	-478.21643	52.608044	-418.19885	-542.75836	1000.0	-39.560425	7.8105493	14.034408	-48.335342	84000	-1.7642975e-08	407.0801	-0.016855698	-65.10474	5.2574673	0.019441273	0.223	6.0	93.56685853004456
21	-401.48907	159.30838	-143.41534	-573.1364	1000.0	-39.000557	12.410648	41.962406	-48.953186	88000	-1.26361845e-08	509.10126	-0.049056247	-74.72366	5.328439	0.015834177	0.25025	24.0	98.19273376464844
22	-397.18738	69.400986	-330.1135	-490.88495	1000.0	-35.98244	11.552466	43.217033	-48.75989	92000	-6.198883e-09	471.36902	-0.056992255	-61.85971	5.30204	0.01553039	0.30375	32.0	102.92831563949585
23	-468.9734	54.513073	-381.54028	-530.66846	1000.0	-40.29049	7.6751513	1.5239344	-48.917957	96000	2.5629998e-09	195.24792	-0.017367562	-33.002686	5.2467995	0.0185405	0.265	6.0	107.43094730377197
24	-428.9563	67.71549	-324.60175	-500.9895	1000.0	-42.277252	7.811245	16.997068	-49.017525	100000	-2.1457671e-09	240.59044	-0.041980147	-28.093826	5.2849813	0.01592642	0.20825	19.0	111.99302625656128
25	-384.0902	62.856365	-315.91492	-458.001	1000.0	-39.96772	8.474634	2.739802	-48.79182	104000	3.8146974e-09	211.12347	-0.017228186	-59.51172	5.2126684	0.01667782	0.24825	6.0	116.1325011253357
26	-442.70367	41.80771	-393.5551	-501.08966	1000.0	-32.933914	13.053492	4.0105376	-48.725384	108000	5.722046e-09	301.24643	-0.020638693	-123.491394	5.1989293	0.015334536	0.1605	8.0	120.62109804153442
27	-390.14795	24.814133	-370.06946	-432.54807	1000.0	-44.42936	6.840907	-2.428513	-48.889626	112000	-1.7166137e-08	242.85616	-0.041180126	-81.27487	5.211546	0.016821045	0.2005	19.0	124.97818970680237
28	-381.08914	69.42184	-309.7645	-494.9178	1000.0	-34.993958	12.111588	23.08335	-48.197212	116000	-2.336502e-08	200.71541	-0.021302292	-34.176834	5.141502	0.013886182	0.1975	8.0	129.33700704574585
29	-393.92917	75.69288	-267.01196	-466.3137	1000.0	-36.708897	8.3640785	5.9118547	-47.682056	120000	-1.502037e-08	178.60344	-0.04014941	-26.901184	5.1605873	0.016529256	0.1945	17.0	133.53181076049805
30	-410.21707	50.367588	-344.85416	-485.77963	1000.0	-33.656616	10.399169	11.424643	-47.608974	124000	2.503395e-08	254.43129	-0.023781326	-54.662292	5.154778	0.014460944	0.15875	8.0	138.24116349220276
31	-476.56268	51.005894	-398.06583	-539.9832	1000.0	-41.398632	6.4907327	3.447288	-48.2024	128000	-2.3841857e-09	171.5566	-0.014053733	-19.54779	5.126673	0.01759929	0.263	5.0	142.43294072151184
32	-312.1657	105.64321	-229.96219	-493.2034	1000.0	-37.733883	8.984877	27.058544	-48.506325	132000	1.8000602e-08	387.65903	-0.04967474	-117.767456	5.1671996	0.015634649	0.245	21.0	146.63866305351257
33	-402.2376	62.14108	-323.54776	-493.24838	1000.0	-32.906883	6.6451683	9.712455	-45.197872	136000	1.3351441e-08	179.14178	-0.015875567	-32.068695	5.1096787	0.01811244	0.247	6.0	150.84767293930054
34	-327.38986	112.32872	-211.19319	-512.18756	1000.0	-32.954273	8.204487	5.674927	-46.47024	140000	-3.695488e-09	258.81836	-0.016804622	-40.334686	5.107954	0.018059207	0.23975	6.0	155.05470514297485
35	-402.9237	26.640411	-373.08246	-432.8439	1000.0	-34.09283	8.184964	9.013687	-45.472893	144000	-2.2649764e-09	222.58331	-0.045213513	-47.593124	5.0427074	0.016338475	0.2285	20.0	159.54033708572388
36	-312.61584	90.58179	-164.83887	-409.5476	1000.0	-36.741627	6.9551883	18.531555	-46.56048	148000	2.2411346e-08	311.50705	-0.020942375	-107.14235	5.008065	0.017740127	0.2335	7.0	163.7633855342865
37	-339.94278	48.916286	-272.29193	-405.88412	1000.0	-26.118399	11.160302	18.265453	-45.260876	152000	2.0503998e-08	310.98843	-0.016998397	-97.07442	5.0550046	0.0154484045	0.227	6.0	168.21483850479126
38	-324.81552	41.42667	-263.95627	-374.79514	1000.0	-31.20276	7.1572375	7.016133	-46.14026	156000	-2.336502e-08	193.96307	-0.011060322	-24.977356	5.0130405	0.020225681	0.2455	4.0	172.5849530696869
39	-333.1064	56.5856	-242.53992	-395.33847	1000.0	-30.680481	8.523847	16.166208	-43.87778	160000	-1.859665e-08	232.66003	-0.011230521	-24.62259	5.0126386	0.02126392	0.25	4.0	176.63021731376648
40	-361.0504	55.137863	-265.9314	-397.003	1000.0	-32.86204	7.062486	4.056854	-44.140812	164000	5.9604646e-09	175.56319	-0.01301152	-19.675049	5.0872645	0.019224966	0.22	5.0	181.47096300125122
41	-370.5656	14.198697	-350.5593	-387.50397	1000.0	-36.087788	6.68832	4.5578856	-43.810974	168000	2.6226044e-09	140.78325	-0.037435483	-12.6521	5.022332	0.016141258	0.162	16.0	185.9526240825653
42	-376.8863	37.779774	-336.46692	-420.81665	1000.0	-34.193012	8.34041	15.215612	-45.113346	172000	1.2993812e-08	134.88893	-0.01683835	-16.210205	4.9955854	0.016623115	0.2395	6.0	190.20897102355957
43	-244.06503	65.694214	-153.54807	-329.44278	1000.0	-27.18834	10.460139	9.689532	-44.47901	176000	9.059906e-09	261.18896	-0.044238273	-50.301407	4.980342	0.016722035	0.22875	21.0	194.76087856292725
44	-304.00763	44.705982	-249.9564	-374.24698	1000.0	-27.206106	10.341442	10.938057	-44.103977	180000	-6.437302e-09	188.82646	-0.04497298	-36.367325	4.9795	0.015749436	0.23425	20.0	199.0935094356537
45	-303.04886	104.105125	-195.2938	-418.86237	1000.0	-28.317627	7.2964582	13.904181	-40.411446	184000	7.867813e-09	220.78847	-0.054729506	-48.455887	4.959807	0.015675219	0.29525	26.0	203.35430145263672
46	-242.82611	160.09998	19.060326	-387.2786	1000.0	-24.91822	11.538492	16.593344	-42.45492	188000	4.529953e-08	265.83707	-0.05364397	-53.585403	4.9042473	0.015503415	0.26725	26.0	207.83711647987366
47	-266.2464	114.49821	-130.21277	-423.28214	1000.0	-23.164476	11.394549	26.610878	-42.057213	192000	-7.867813e-09	214.34714	-0.019483948	-61.69255	4.9220686	0.01738446	0.2205	7.0	212.03320860862732
48	-296.56894	74.244545	-219.97458	-416.16663	1000.0	-24.547562	11.44904	6.937752	-42.44747	196000	3.98159e-08	242.3503	-0.015496411	-58.970734	4.8838544	0.017894363	0.23375	6.0	216.20427322387695
49	-269.12988	76.48347	-159.67621	-341.01083	1000.0	-31.978832	12.549329	8.924651	-45.009945	200000	-4.4107438e-09	150.23105	-0.019618545	-41.827095	4.875147	0.017578699	0.24525	7.0	220.53661942481995
50	-302.89166	82.370804	-173.62909	-382.16406	1000.0	-24.853752	11.0670805	11.285299	-40.12921	204000	-1.0490417e-08	193.89825	-0.04557406	-52.211746	4.932451	0.016312523	0.22975	22.0	225.44465494155884
51	-263.09125	18.887362	-243.53058	-290.51617	1000.0	-26.953344	7.114118	0.41589314	-41.492702	208000	2.1457671e-09	150.0806	-0.03961741	-40.683014	4.8315725	0.016537929	0.173	17.0	230.0663001537323
52	-116.33545	89.1292	-8.452368	-255.6144	1000.0	-19.95238	6.179314	5.8258724	-34.59775	212000	6.198883e-09	300.9139	-0.052438647	-102.31772	4.8707967	0.015701411	0.24625	26.0	234.37628173828125
53	-244.47043	69.10244	-153.64584	-340.49625	1000.0	-15.721889	6.9733243	13.379457	-32.577255	216000	5.2690506e-08	305.83414	-0.041065283	-91.50197	4.863498	0.016400425	0.20975	18.0	238.761625289917
54	-214.14601	121.005005	-80.863464	-360.12408	1000.0	-21.023111	12.000873	33.260647	-40.34299	220000	2.3841858e-08	216.98947	-0.04663344	-50.23169	4.8390384	0.016165547	0.2225	20.0	243.13268375396729
55	-255.76279	57.279068	-188.37384	-325.6504	1000.0	-25.185938	11.619516	17.493551	-39.067284	224000	2.861023e-09	141.33527	-0.014398101	-23.458817	4.826085	0.021492198	0.2495	5.0	247.62936115264893
56	-147.9661	99.56327	-77.37002	-318.23895	1000.0	-18.724617	10.287928	14.143908	-35.92098	228000	-1.2397766e-08	198.58316	-0.04992613	-54.979614	4.7606716	0.015715426	0.24575	24.0	252.3959550857544
57	-227.96863	94.755775	-149.68227	-390.04623	1000.0	-15.380041	11.28538	18.79363	-34.27483	232000	-4.7683715e-09	207.56618	-0.045776494	-41.717102	4.747459	0.01634707	0.236	23.0	257.02413415908813
58	-221.94977	47.128086	-154.36832	-276.30832	1000.0	-20.034925	11.085622	27.303226	-37.081505	236000	-2.2888184e-08	206.97507	-0.017259466	-41.41629	4.7423744	0.016610255	0.22475	6.0	261.27868390083313
59	-160.8857	88.69613	-72.36383	-292.68228	1000.0	-19.738274	9.0696945	21.376118	-36.58284	240000	1.001358e-08	175.15512	-0.03702818	-50.55107	4.710797	0.016303152	0.17725	15.0	265.64780473709106
60	-141.17477	73.20326	-33.442226	-236.53859	1000.0	-11.831879	9.741754	22.0976	-33.315952	244000	-8.404255e-09	184.79156	-0.0160543	-28.477905	4.70656	0.016482048	0.19575	6.0	270.3158950805664
61	-198.30223	69.20664	-132.24255	-314.55017	1000.0	-16.329256	8.377736	20.687737	-31.924648	248000	2.503395e-09	165.26532	-0.020739244	-22.819824	4.7166758	0.015482562	0.18325	7.0	274.4969024658203
62	-79.65103	91.725655	78.23321	-147.92441	1000.0	-12.9199095	9.99865	20.045937	-33.03014	252000	-9.775162e-09	259.11	-0.039508414	-52.617706	4.7181544	0.016243154	0.20025	16.0	278.9854624271393
63	-190.2666	57.695614	-109.31793	-267.70978	1000.0	-16.679276	10.96949	20.28659	-35.20965	256000	-1.0251999e-08	135.75104	-0.04107143	-20.937927	4.6945553	0.015767146	0.19875	17.0	283.65321922302246
64	-122.75827	95.585686	8.376097	-261.7471	1000.0	-12.490053	11.415697	20.341162	-35.684692	260000	-9.298325e-09	295.7704	-0.015974773	-55.056656	4.6378527	0.015677104	0.19275	6.0	288.0137667655945
65	-157.7416	49.6557	-97.2801	-235.56477	1000.0	-10.942442	12.2665825	30.211052	-35.704716	264000	3.194809e-08	223.75519	-0.047600765	-54.22209	4.676003	0.016811978	0.249	23.0	292.2994291782379
66	-123.735275	101.125725	37.96558	-236.02068	1000.0	-18.230345	11.433021	20.097559	-34.94256	268000	3.3140182e-08	146.48611	-0.014998524	-47.887848	4.5892453	0.019329578	0.224	5.0	296.6164565086365
67	-71.72308	22.66377	-51.726658	-109.43204	1000.0	-4.448066	10.715351	25.93844	-31.84354	272000	-1.7523766e-08	249.41815	-0.04425035	-45.66754	4.617595	0.016058624	0.233	20.0	300.7988865375519
68	43.27026	114.03515	217.60263	-62.900726	1000.0	-4.694638	8.034234	27.473377	-26.914536	276000	-5.2452087e-09	310.0767	-0.014392614	-108.41771	4.606244	0.017227575	0.2375	5.0	304.9118022918701
69	-121.338684	105.05472	23.408798	-252.5679	1000.0	-4.303649	12.283015	27.961456	-27.842398	280000	-1.2874604e-08	267.72125	-0.043034125	-90.9095	4.624272	0.01585191	0.2335	18.0	309.2639207839966
70	-158.41508	54.322865	-95.027336	-240.23282	1000.0	-13.135674	13.403271	25.098612	-32.55659	284000	1.525879e-08	185.11028	-0.01410235	-26.089264	4.557582	0.018625889	0.21775	5.0	314.1324563026428
71	-59.657806	103.74872	94.089386	-195.03159	1000.0	-9.829127	11.773194	25.20145	-32.241413	288000	-5.6028364e-09	254.62059	-0.012713467	-42.76909	4.5498214	0.019806739	0.226	5.0	318.16832160949707
72	-41.849327	68.44954	61.62554	-129.21754	1000.0	-7.4903917	12.950996	25.651783	-30.95265	292000	-4.6491624e-09	231.59325	-0.050213832	-43.712875	4.5550685	0.015546926	0.26475	23.0	322.6169412136078
73	-98.293236	106.30538	13.016089	-231.13438	1000.0	-8.680072	16.566477	30.691917	-30.88444	296000	6.9141386e-09	132.86238	-0.05635215	-37.702835	4.5658913	0.015866203	0.29725	28.0	327.0160086154938
74	118.703674	29.718515	164.50333	91.500374	1000.0	1.913839	8.323303	23.513582	-28.924166	300000	9.1195105e-09	277.4991	-0.04676561	-102.98874	4.487378	0.016082618	0.228	22.0	331.3573760986328
75	-154.11476	54.598362	-97.90519	-244.33499	1000.0	-10.427216	15.75034	36.525406	-29.516539	304000	-1.4305115e-09	136.00664	-0.016249374	-42.93371	4.4126987	0.018994961	0.23275	6.0	335.70105743408203
76	62.083874	26.584963	103.929085	38.963753	1000.0	0.79147947	11.421409	28.21838	-30.880499	308000	-5.2452087e-09	243.60571	-0.015376453	-52.579895	4.401288	0.01887391	0.2165	5.0	339.79638171195984
77	-59.265812	216.13606	225.03793	-278.59735	1000.0	-2.5033884	15.445057	29.082602	-27.169298	312000	1.9311905e-08	307.44073	-0.04767452	-75.24071	4.4115987	0.015987987	0.2345	21.0	344.258891582489
78	-25.635857	164.8033	134.84464	-260.20358	1000.0	3.808303	20.384611	36.355568	-37.07409	316000	-1.692772e-08	939.1474	-0.042514693	-398.3379	4.4136825	0.0156923	0.18725	17.0	348.47437381744385
79	-54.675514	124.25783	91.257454	-196.8976	1000.0	-1.6153201	12.012803	29.59384	-30.151213	320000	2.2888184e-08	246.05385	-0.015264695	-93.85753	4.348755	0.018099727	0.207	5.0	352.52935671806335
80	24.873404	117.04219	128.93553	-158.40115	1000.0	-0.71232057	14.590031	29.37775	-30.053482	324000	-1.9073487e-09	240.05228	-0.043640673	-44.75711	4.390681	0.016728928	0.20575	17.0	357.24631905555725
81	-48.15255	205.84291	199.5904	-259.5056	1000.0	-4.2293186	17.704721	31.35222	-29.724411	328000	-2.861023e-09	238.67134	-0.01761604	-53.135773	4.3477216	0.015850585	0.248	6.0	361.698166847229
82	-112.77826	112.75584	69.95422	-210.23032	1000.0	-7.311043	21.536905	35.172047	-36.722443	332000	1.2874604e-08	232.22461	-0.017498737	-79.92296	4.3401995	0.015427456	0.225	6.0	365.9501953125
83	69.32324	191.57744	325.26047	-147.39969	1000.0	-5.907673	17.310093	33.617615	-33.62734	336000	-5.173683e-08	369.61438	-0.017826261	-168.50557	4.3362775	0.018179176	0.25125	6.0	370.34132146835327
84	1.6416435	85.24681	129.53038	-77.17437	1000.0	3.5814905	20.875374	37.49792	-28.64435	340000	-8.106232e-09	172.26633	-0.01466445	-57.759277	4.293349	0.016176507	0.215	5.0	374.6857123374939
85	89.52551	142.78185	281.7127	-118.59427	1000.0	2.0017114	16.183817	29.623337	-28.68133	344000	-5.722046e-09	285.91415	-0.03898476	-77.76413	4.3128905	0.016037457	0.19925	16.0	378.98961210250854
86	-204.00452	40.11313	-168.01181	-271.8123	1000.0	-11.411395	19.487339	34.908627	-30.430794	348000	1.8119811e-08	273.96625	-0.012760959	-137.5972	4.3033643	0.019961126	0.2465	4.0	383.4386546611786
87	-148.84138	99.57685	2.045626	-260.93713	1000.0	-17.00194	15.220491	26.215836	-34.629623	352000	-3.3378602e-09	140.53444	-0.016924443	-22.791565	4.317294	0.015505362	0.213	6.0	387.84799885749817
88	-57.83823	104.37029	93.127426	-156.9214	1000.0	-12.1637535	17.748428	27.999016	-33.023777	356000	-4.8279762e-09	191.30937	-0.011842406	-50.03386	4.270136	0.025615806	0.27825	4.0	392.29557371139526
89	170.35538	249.23776	331.56772	-260.91898	1000.0	4.3236513	16.436218	32.535248	-27.679188	360000	1.0967255e-08	466.1418	-0.042686794	-272.63092	4.266434	0.015948316	0.21925	17.0	396.657888174057
90	39.07636	139.23036	274.4329	-69.54486	1000.0	-0.42475927	29.193825	43.713123	-34.173996	364000	-1.5735626e-08	156.94887	-0.04261985	-52.92357	4.260665	0.014970392	0.2105	20.0	401.97061109542847
91	93.21686	157.26146	245.4296	-126.63901	1000.0	9.116892	23.323633	41.6524	-26.365448	368000	-4.172325e-09	124.14049	-0.04865835	-23.5383	4.2111163	0.01540402	0.229	23.0	406.534565448761
92	54.740112	236.08221	362.31476	-188.69608	1000.0	3.167766	21.894794	38.605667	-27.203583	372000	3.361702e-08	280.97394	-0.014117087	-44.06479	4.211589	0.018532153	0.23325	5.0	410.55520725250244
93	67.165436	75.970215	139.91638	-56.701164	1000.0	11.016703	23.176683	42.279514	-31.147573	376000	-1.525879e-08	182.79909	-0.0114254765	-69.81701	4.210193	0.02232645	0.257	4.0	414.87498450279236
94	131.02425	184.03976	323.6342	-148.01686	1000.0	5.1071315	20.256071	36.63981	-27.282335	380000	2.4795533e-08	266.18463	-0.012312121	-60.92218	4.249621	0.023084138	0.2095	4.0	418.87135124206543
95	306.75446	129.36687	522.6277	201.73451	1000.0	23.484997	13.434552	42.82099	-22.623453	384000	3.0398368e-09	410.46338	-0.07591099	-68.43213	4.201626	0.015465017	0.34675	65.0	423.18377661705017
96	182.4117	169.55635	409.5377	-3.8227313	1000.0	20.881996	22.558487	47.368267	-30.095304	388000	4.6491624e-09	366.4022	-0.045621365	-63.024048	4.1692333	0.015497994	0.236	19.0	427.23352909088135
97	328.2841	90.79111	480.34647	241.5981	1000.0	23.184402	16.413729	44.210384	-31.377733	392000	5.3644182e-09	381.52808	-0.07496036	-81.09784	4.093161	0.015290926	0.3365	73.0	431.71347522735596
98	231.46835	242.3588	398.44858	-184.86536	1000.0	21.394196	24.12496	50.008106	-33.11858	396000	1.2040139e-08	342.0749	-0.01785838	-49.032013	4.0923166	0.020127963	0.30175	5.0	436.2634308338165
99	442.36792	116.150475	575.90186	256.0374	1000.0	34.095848	12.984829	51.76546	-31.86943	400000	-1.4781952e-08	409.1943	-0.06615726	-121.27597	4.0567493	0.014990278	0.31775	42.0	440.8844938278198
100	244.32204	209.3514	442.89035	-68.527794	1000.0	21.658588	34.40181	56.10265	-39.38568	404000	-1.7881394e-08	377.1832	-0.062088955	-98.88098	4.0584917	0.01561168	0.31025	34.0	446.0776717662811
101	234.58853	262.54654	463.7097	-212.09277	1000.0	21.801462	26.572096	54.414433	-27.548578	408000	5.9604646e-09	232.50993	-0.04689103	-31.985199	4.034929	0.015928539	0.24825	20.0	450.2409203052521
102	328.29413	297.83548	551.6397	-181.64333	1000.0	21.243402	28.923939	54.555286	-29.12739	412000	1.8119811e-08	389.27814	-0.019251948	-126.128174	4.004332	0.015669107	0.19575	6.0	454.3057632446289
103	274.38913	95.22023	400.1147	165.9055	1000.0	40.71731	20.70333	60.082565	-27.888231	416000	1.4305114e-08	579.22174	-0.017640525	-349.35745	4.0081677	0.015576358	0.2235	5.0	458.7129933834076
104	338.59964	279.20825	686.6225	-63.50999	1000.0	18.856804	20.519278	49.435215	-26.97514	420000	4.1842462e-08	762.4642	-0.052627657	-286.7967	3.9960063	0.015276595	0.27675	23.0	463.0793032646179
105	343.98944	330.4095	700.55255	-193.7041	1000.0	29.267859	32.45426	61.35231	-31.759642	424000	-4.2915342e-09	373.7838	-0.06270639	-47.758392	3.9519296	0.015158375	0.33125	42.0	467.5220432281494
106	190.40425	198.79387	510.49466	-33.37115	1000.0	25.975044	34.214058	64.28944	-36.919872	428000	5.2452087e-09	546.631	-0.016701333	-185.01205	3.8851192	0.018559815	0.227	5.0	471.8736894130707
107	264.95557	108.06971	416.69846	116.64487	1000.0	16.812231	27.705042	58.998466	-43.29241	432000	-2.861023e-09	250.1987	-0.012667197	-69.079834	3.9084897	0.018622532	0.22975	4.0	476.20993089675903
108	417.08685	319.63757	712.08075	-120.95716	1000.0	28.91347	26.782713	62.07175	-24.793226	436000	2.8610229e-08	556.97327	-0.041305862	-157.0791	3.874782	0.016289495	0.24075	16.0	480.33639788627625
109	330.48624	165.86089	521.32135	66.70796	1000.0	34.306206	33.608505	66.80905	-34.61135	440000	1.9073487e-09	346.22815	-0.06452531	-108.20029	3.8982792	0.015504093	0.31975	42.0	484.79653549194336
110	580.8742	118.753914	731.12177	421.19525	1000.0	44.13868	11.912705	61.023827	-10.094812	444000	3.71933e-08	678.97327	-0.054801527	-148.64636	3.886647	0.015995486	0.2945	28.0	489.9698951244354
111	206.07268	282.12048	487.74854	-104.626495	1000.0	21.211016	36.154537	68.05026	-30.282888	448000	6.7949295e-09	241.7371	-0.017528854	-55.16858	3.8104162	0.019433143	0.25225	5.0	494.14062666893005
112	55.920937	280.7058	426.30353	-306.11642	1000.0	7.955302	33.230606	64.229454	-27.50192	452000	2.360344e-08	255.45256	-0.0176023	-62.613785	3.8547695	0.014169611	0.23425	6.0	498.38302516937256
113	239.7571	266.29233	524.61426	-197.05168	1000.0	18.750202	29.928503	58.404892	-32.167904	456000	-3.8146974e-09	292.9695	-0.03189849	-43.702316	3.8127725	0.01569115	0.18725	12.0	502.480979681015
114	568.481	92.03078	722.4824	497.46503	1000.0	41.98404	14.416912	61.910545	-23.85815	460000	1.1444092e-08	525.14056	-0.013570279	-132.74475	3.821601	0.01836339	0.28175	4.0	506.5856890678406
115	625.92096	95.31103	783.1945	526.23425	1000.0	53.584408	10.093537	68.080444	-19.775503	464000	2.193451e-08	394.37952	-0.016424092	-48.639465	3.8462033	0.0166924	0.251	5.0	510.6424489021301
116	576.87463	131.08032	721.62555	365.3411	1000.0	50.176132	22.224783	70.3962	-27.145834	468000	-9.536744e-10	350.56555	-0.04506355	-52.998688	3.8320103	0.015334912	0.2685	19.0	515.1502420902252
117	419.11346	319.07224	813.1875	-61.79107	1000.0	40.40022	31.281483	70.29758	-24.023117	472000	-5.841255e-09	586.8114	-0.01592779	-69.334595	3.782078	0.016274717	0.20675	5.0	519.4165909290314
118	486.12213	187.60004	805.8603	325.0164	1000.0	41.06228	31.34449	71.79304	-27.538246	476000	2.3841857e-09	449.2599	-0.041525204	-65.47345	3.8156524	0.015940651	0.239	18.0	523.890289068222
119	634.7104	88.02069	748.0207	513.3362	1000.0	55.54572	20.335934	73.68326	-29.233755	480000	1.3589859e-08	642.15375	-0.07081787	-85.638245	3.7941854	0.0153772645	0.35275	56.0	528.6008696556091
120	634.8993	234.08372	874.7497	248.63771	1000.0	52.50575	25.434475	74.852036	-24.131866	484000	-9.059906e-09	450.39914	-0.041839607	-79.93964	3.6966212	0.01608468	0.2315	18.0	533.550811290741
121	538.28217	143.243	693.3079	304.7676	1000.0	55.23697	27.238485	77.50123	-23.520061	488000	-5.4836273e-09	769.98285	-0.018084794	-122.80347	3.634125	0.016043644	0.211	5.0	537.8809671401978
122	512.00916	414.51157	816.57806	-197.83116	1000.0	38.525253	36.100945	77.74242	-26.43014	492000	1.3351441e-08	480.53436	-0.019760363	-118.225525	3.6441884	0.015057192	0.23525	6.0	542.1654920578003
123	481.9248	372.90924	724.42993	-163.12936	1000.0	45.902447	40.05005	80.023384	-28.982838	496000	-2.1457671e-09	235.24307	-0.017137997	-35.271072	3.6787064	0.014387803	0.194	6.0	546.3159921169281
124	625.2345	156.78238	790.0045	384.17932	1000.0	59.915993	21.455187	79.08708	-21.547995	500000	1.525879e-08	627.7086	-0.016936816	-88.65857	3.6538098	0.016903283	0.2295	5.0	550.4544975757599
125	468.3765	382.1449	740.6076	-190.81322	1000.0	41.247475	38.62787	79.49935	-29.260332	504000	-1.4305115e-09	303.56604	-0.01580158	-57.738724	3.6437826	0.017140174	0.23625	5.0	554.4323036670685
126	679.56573	34.093056	723.8519	642.4111	1000.0	61.417515	15.271649	79.68647	-20.270483	508000	-1.692772e-08	453.07208	-0.017892374	-67.91446	3.6547577	0.015915189	0.2255	6.0	558.7175908088684
127	714.4319	127.03687	855.19104	541.4287	1000.0	62.16882	10.448634	79.29847	-12.770264	512000	3.385544e-08	615.7731	-0.018106453	-84.4422	3.6212401	0.015710263	0.29375	5.0	562.9676878452301
128	588.31836	123.255684	800.04254	498.62915	1000.0	55.230297	26.317474	82.75399	-18.836601	516000	-1.2874604e-08	510.6866	-0.016599325	-78.10968	3.6352983	0.020609744	0.24875	6.0	567.2993109226227
129	349.1192	304.72714	692.8821	-104.751114	1000.0	35.933712	35.749413	81.75064	-22.701815	520000	-5.197525e-08	584.555	-0.016164964	-150.12949	3.6532626	0.015464566	0.20325	5.0	571.5459952354431
130	551.395	343.29596	889.9308	-6.4868455	1000.0	42.55197	34.03327	80.77266	-30.566595	524000	2.8252602e-08	507.19275	-0.03806204	-137.1105	3.6554282	0.016127322	0.22025	15.0	576.3423733711243
131	555.5158	400.8652	896.0851	-117.142166	1000.0	46.479515	39.608456	83.5185	-34.114986	528000	2.2530555e-08	528.1436	-0.015944097	-70.57706	3.621265	0.018258883	0.19225	5.0	580.7203855514526
132	736.5591	203.17873	859.7938	384.80215	1000.0	61.777317	31.208315	85.447914	-32.0816	532000	-3.3378602e-09	638.9956	-0.038975902	-90.86041	3.6076617	0.01629756	0.21475	18.0	584.8562293052673
133	295.94058	323.64532	787.5429	-30.041437	1000.0	30.086668	48.043343	90.38379	-34.715977	536000	-3.528595e-08	411.93607	-0.011711739	-105.23767	3.5722203	0.020802772	0.25375	4.0	589.2647151947021
134	519.40656	382.2541	830.7028	-135.27519	1000.0	43.086338	39.502857	84.90175	-33.245983	540000	-1.45435335e-08	586.1783	-0.017967233	-103.482025	3.5864804	0.019925255	0.271	5.0	593.3663489818573
135	590.0604	107.42892	756.2704	456.07614	1000.0	63.940178	19.014051	86.16871	-16.514948	544000	-4.2915342e-09	674.94543	-0.072020516	-196.39404	3.5710444	0.01529213	0.36525	50.0	598.2505395412445
136	742.099	260.5431	1043.4604	349.00092	1000.0	49.477993	31.495613	81.470535	-37.71216	548000	-1.1444092e-08	1058.455	-0.014072485	-375.09265	3.487089	0.023533111	0.255	4.0	602.6962316036224
137	596.17	434.6072	939.3128	-149.87497	1000.0	51.175453	45.509224	93.73737	-32.12762	552000	-1.6212464e-08	614.69415	-0.014880437	-77.41437	3.4638808	0.018569663	0.233	5.0	606.6122045516968
138	787.01996	218.85808	1120.7445	551.80023	1000.0	72.453316	27.53472	94.818054	-26.61698	556000	-8.5830685e-09	782.0502	-0.07791424	-96.981384	3.4971967	0.014299544	0.37875	79.0	611.6541631221771
139	817.53284	353.85464	1056.0837	206.40685	1000.0	65.81954	37.999973	97.98402	-34.50288	560000	3.0755995e-08	793.7542	-0.019429903	-155.82983	3.453355	0.017749716	0.19875	6.0	616.0862307548523
140	580.9927	241.54767	969.6465	311.10535	1000.0	45.468147	56.03757	101.53828	-33.246582	564000	1.3113022e-08	562.7246	-0.016767174	-87.93573	3.4975805	0.017611474	0.256	5.0	620.9910778999329
141	1075.1783	120.65488	1246.7001	917.58575	1000.0	93.23147	13.089395	103.86586	-29.149939	568000	3.2544136e-08	970.40265	-0.06881445	-132.6759	3.432153	0.012525313	0.363	79.0	625.9258666038513
142	719.9283	369.8803	1030.7561	124.91456	1000.0	78.44399	40.636337	108.81327	-23.765846	572000	-1.1742115e-08	1078.027	-0.07596163	-321.6891	3.4507215	0.011603499	0.4035	79.0	630.4839947223663
143	828.47363	301.8601	1121.8142	403.46692	1000.0	70.67212	36.124607	107.39652	-29.893568	576000	-2.6226044e-08	858.4166	-0.01770851	-162.22498	3.4236186	0.017604146	0.1935	5.0	634.6076326370239
144	895.8231	319.42667	1118.2955	344.2788	1000.0	78.33999	37.048615	109.131645	-32.98342	580000	6.9141386e-09	798.8637	-0.016435256	-125.23151	3.4178963	0.014995828	0.23425	5.0	638.8638021945953
145	653.1192	293.6353	953.1196	322.70004	1000.0	58.904327	53.188175	108.39943	-34.320583	584000	1.1086464e-08	866.0899	-0.019377327	-152.84247	3.4232821	0.01866556	0.257	6.0	643.0334875583649
146	663.8762	335.1357	1067.2279	179.07753	1000.0	58.04112	48.574444	108.28502	-27.13686	588000	4.7683715e-09	564.1881	-0.016687734	-113.631805	3.4278982	0.02028396	0.2675	5.0	647.1715226173401
147	587.4595	375.73013	875.193	-58.407288	1000.0	55.64934	46.47546	105.873856	-23.817379	592000	-1.8835069e-08	781.3812	-0.015759444	-164.34143	3.4333556	0.017689483	0.22825	4.0	651.6249997615814
148	1061.0778	80.569176	1179.7714	972.334	1000.0	84.58985	15.641295	107.21827	-18.23607	596000	1.2516975e-08	918.95544	-0.06191168	-271.59705	3.368568	0.01506461	0.34525	40.0	656.0300259590149
149	1128.1349	133.64407	1248.0586	911.46515	1000.0	98.16428	15.824501	111.184395	-16.149345	600000	6.9141386e-09	882.6207	-0.01720153	-112.274536	3.3981318	0.018939473	0.29275	5.0	660.1275975704193
150	1002.2052	160.5773	1156.5685	747.2864	1000.0	95.184784	32.43437	114.68256	-27.492989	604000	-3.194809e-08	730.8484	-0.013391896	-118.04004	3.4037242	0.020779803	0.2625	4.0	664.8908545970917
151	578.5209	406.49948	1098.8713	134.82468	1000.0	55.511436	52.927704	112.648476	-24.017286	608000	-1.7404556e-08	717.7092	-0.017196383	-139.67212	3.4090967	0.016311279	0.225	5.0	669.2487769126892
152	1131.564	155.00723	1375.0531	973.27075	1000.0	94.60075	13.157168	112.75522	-22.056025	612000	1.0967255e-08	1030.4889	-0.029271103	-191.72528	3.3359609	0.015830867	0.19325	10.0	673.5332725048065
153	687.9634	497.3529	1237.6669	-26.833853	1000.0	60.337135	58.50167	117.00427	-33.827408	616000	4.7683715e-09	578.8146	-0.011526406	-76.52841	3.333987	0.018530989	0.24075	4.0	677.7658569812775
154	877.56287	271.6022	1146.8622	424.52054	1000.0	78.3644	46.77068	115.92735	-33.328983	620000	3.361702e-08	759.5364	-0.04180584	-95.60962	3.3513224	0.017183151	0.25625	18.0	682.0223734378815
155	339.84088	398.84912	942.4894	-117.40405	1000.0	34.43816	56.647297	115.490265	-28.57195	624000	1.4066696e-08	633.5615	-0.017529014	-187.4996	3.3550649	0.018438004	0.2335	5.0	686.5418076515198
156	844.5965	269.3988	1049.9873	381.1603	1000.0	61.411133	44.503418	107.87127	-33.055416	628000	1.168251e-08	1246.6115	-0.016010076	-392.77313	3.3417685	0.018344432	0.22125	4.0	690.7336814403534
157	983.19995	196.45868	1176.9255	681.75916	1000.0	93.74767	31.23831	118.44456	-23.28649	632000	1.8119811e-08	1262.8853	-0.011383541	-223.58276	3.339066	0.017223611	0.2885	4.0	694.9696400165558
158	520.702	338.35855	1089.4355	198.47345	1000.0	44.74575	60.950706	119.36986	-50.59266	636000	2.8610229e-08	910.64655	-0.07211807	-155.17114	3.2888355	0.0147862155	0.391	79.0	699.8655052185059
159	1012.96436	220.94536	1172.0398	631.8356	1000.0	85.926216	36.169483	116.8627	-51.85095	640000	3.7074088e-08	1292.3667	-0.075957365	-234.95557	3.2713907	0.012016186	0.388	79.0	704.4012503623962
160	846.9858	604.059	1310.755	-185.30682	1000.0	73.082954	52.03657	120.45364	-23.505676	644000	-5.2452087e-09	945.84296	-0.054028597	-172.8324	3.2218971	0.015153832	0.30225	29.0	709.0720942020416
161	705.5208	367.88312	1140.9684	243.64557	1000.0	68.61333	59.902843	122.52334	-27.840952	648000	2.9802323e-09	988.8263	-0.01844499	-187.69324	3.2080088	0.017597593	0.3005	5.0	713.1151700019836
162	1104.5393	151.31854	1252.6409	853.3736	1000.0	96.79578	23.204176	120.35461	-22.769234	652000	-2.4795533e-08	1175.2239	-0.01354867	-190.33704	3.2256212	0.018787922	0.22675	4.0	717.6280310153961
163	979.82874	265.82663	1396.5865	686.94745	1000.0	89.64764	36.43278	122.05667	-17.870089	656000	-7.867813e-09	1467.4752	-0.019717367	-403.92395	3.1748888	0.015288394	0.21	7.0	721.8155717849731
164	559.38367	368.9563	857.8607	-71.532166	1000.0	58.69427	59.248055	125.79703	-36.592438	660000	7.629395e-09	941.7114	-0.021831544	-384.99866	3.2136807	0.015986677	0.27175	6.0	725.8173608779907
165	796.463	317.4792	1149.7428	289.92715	1000.0	58.868343	44.486565	114.346596	-24.516903	664000	-1.6212464e-08	1189.0935	-0.017647373	-290.77863	3.1942577	0.017401535	0.21375	6.0	730.3517374992371
166	1248.9475	85.509926	1350.7686	1115.0306	1000.0	98.600525	21.058369	124.2336	-11.248953	668000	1.0490417e-08	1299.8318	-0.01714886	-397.2343	3.2095556	0.018008038	0.2515	4.0	734.5821740627289
167	695.8236	518.9736	1378.61	15.831076	1000.0	78.938515	56.434875	128.8187	-25.412918	672000	-2.9563903e-08	1695.9701	-0.00998126	-580.53455	3.2175238	0.024150044	0.28525	3.0	738.7485358715057
168	927.49744	379.29242	1406.6074	527.509	1000.0	78.923836	47.443043	124.96319	-40.13069	676000	-4.7683715e-09	1200.198	-0.011725458	-215.49677	3.190673	0.021722129	0.279	4.0	743.0214364528656
169	455.1337	509.2266	1310.9364	-17.552351	1000.0	33.471725	66.6778	127.6705	-50.035248	680000	-1.5974045e-08	720.62384	-0.017661002	-104.38129	3.2190194	0.015253781	0.22225	5.0	747.1902236938477
170	1164.2502	85.79666	1303.4296	1075.409	1000.0	103.28058	26.874935	127.80416	-29.266447	684000	8.8214875e-09	1200.383	-0.045542818	-160.7981	3.1779728	0.016793467	0.274	21.0	752.129727602005
171	1001.31396	482.21646	1307.237	167.29926	1000.0	84.75578	52.418583	127.37222	-27.642027	688000	-2.8252602e-08	839.60986	-0.016824909	-116.63452	3.1689882	0.01755021	0.24725	5.0	756.6878216266632
172	657.95953	565.929	1224.8174	-111.55702	1000.0	62.90637	64.266304	128.52087	-27.061443	692000	2.014637e-08	956.11774	-0.041460514	-147.55664	3.162779	0.016633192	0.28725	20.0	760.6556956768036
173	978.898	158.82468	1189.2631	743.01825	1000.0	87.12637	45.150993	127.59416	-29.73016	696000	-1.2397766e-08	1007.8966	-0.02001206	-126.12659	3.166201	0.016516669	0.1975	5.0	765.1061344146729
174	1029.7494	250.61449	1221.3116	598.6533	1000.0	89.67431	42.289253	126.457756	-25.58196	700000	1.502037e-08	884.52246	-0.058816414	-131.81262	3.1586182	0.014912807	0.31325	35.0	769.3392431735992
175	750.01355	442.51096	1325.232	147.4496	1000.0	71.70724	57.91646	127.547646	-32.241035	704000	1.859665e-08	1161.553	-0.042001795	-169.57849	3.141412	0.016552733	0.27025	16.0	773.3582768440247
176	1023.6151	561.4918	1467.6289	59.953903	1000.0	78.7476	51.885315	124.83453	-30.647793	708000	1.3351441e-08	1209.6821	-0.041864548	-311.40552	3.1327891	0.0153995855	0.24675	17.0	777.4901530742645
177	1000.3607	685.54266	1461.3434	-179.24617	1000.0	87.94255	59.84037	132.3174	-29.646275	712000	3.9339067e-08	956.90485	-0.04191158	-107.537415	3.1630018	0.01537125	0.252	19.0	781.7264144420624
178	1329.9691	43.915367	1404.6298	1293.7949	1000.0	125.59572	7.816838	135.03792	44.930393	716000	9.536744e-10	798.3732	-0.012655628	-68.22986	3.0945127	0.026869603	0.25625	3.0	786.0657408237457
179	886.0952	353.85242	1476.6022	535.11334	1000.0	73.074455	69.003	133.29167	-31.762371	720000	-4.529953e-09	883.8435	-0.011501816	-114.57959	3.0749223	0.01957746	0.269	4.0	790.1331286430359
180	1051.4363	116.0939	1152.7245	862.4228	1000.0	103.77638	41.355	132.97287	-19.623766	724000	1.2278557e-08	1557.512	-0.0783179	-240.74585	3.1480005	0.011833502	0.407	79.0	795.7449421882629
181	606.9851	664.60364	1562.8761	-44.08184	1000.0	54.741142	59.70281	130.5222	-19.674425	728000	5.2452087e-09	1090.2225	-0.01892632	-167.04565	3.0987065	0.016281959	0.20675	5.0	799.8752620220184
182	709.64307	576.98895	1380.4724	-5.591288	1000.0	61.443237	64.76695	133.08965	-30.851213	732000	1.001358e-08	811.392	-0.01595349	-99.70117	3.100884	0.019878605	0.27825	4.0	804.0599067211151
183	1156.6371	258.90402	1440.0105	896.0217	1000.0	96.826836	46.52245	131.78366	-30.307632	736000	4.2796135e-08	1544.1124	-0.012274565	-254.24646	3.1193182	0.020660557	0.29325	4.0	808.2890050411224
184	930.6743	600.41516	1602.4398	3.5977733	1000.0	87.71321	60.01833	137.35196	-26.937803	740000	7.3313715e-09	1482.1417	-0.03268216	-192.2522	3.1002564	0.017048363	0.27425	12.0	812.398891210556
185	850.7316	361.2243	1227.1388	269.20602	1000.0	78.97024	62.618877	139.95886	-32.244392	744000	-5.9604646e-09	1454.7997	-0.017668385	-235.10669	3.07877	0.018335165	0.24825	5.0	816.7252116203308
186	1173.7306	371.08893	1432.3995	532.915	1000.0	92.31838	51.502537	139.44574	-33.115086	748000	1.7404556e-08	1775.2968	-0.012628327	-399.4193	3.0767257	0.021418374	0.25775	4.0	820.8328938484192
187	1120.0044	435.19925	1507.2588	385.65817	1000.0	102.44107	56.89155	145.70096	-32.21553	752000	-5.2452087e-09	991.05585	-0.013142276	-146.66028	3.0790777	0.018550444	0.256	4.0	825.0571188926697
188	932.83777	523.96136	1287.1049	27.278795	1000.0	87.169136	61.265644	142.9048	-26.380337	756000	-3.4809112e-08	1262.562	-0.017792216	-199.43481	3.0288677	0.015764458	0.26025	5.0	829.1686961650848
189	1325.8109	174.0953	1543.0366	1142.196	1000.0	116.8545	25.503525	141.60612	-29.362556	760000	2.2411346e-08	1493.9493	-0.020949205	-214.39246	3.0348673	0.014711553	0.239	7.0	833.2671761512756
190	1057.1438	284.14847	1354.0867	651.12494	1000.0	94.7448	58.858875	144.6606	-23.987238	764000	-5.9604643e-10	1151.7239	-0.015552543	-184.78857	3.0791426	0.019484898	0.25475	4.0	838.2900948524475
191	1404.5696	158.76862	1573.8073	1143.8208	1000.0	115.552185	37.36562	145.33102	-25.276838	768000	-7.152557e-09	1483.7595	-0.011929067	-338.99597	2.999857	0.019510334	0.2245	4.0	842.4357831478119
192	419.1405	610.4273	1112.3564	-212.47269	1000.0	47.451546	73.981575	149.88596	-27.379879	772000	9.477138e-09	1140.229	-0.017335983	-329.99475	3.0857604	0.020347213	0.23775	5.0	845.9512732028961
193	1124.297	432.76303	1555.18	402.92703	1000.0	92.33965	53.996548	144.68028	-28.703468	776000	-8.106232e-09	1496.6923	-0.034685973	-297.12073	3.0139794	0.015947169	0.245	12.0	850.1686990261078
194	943.4663	394.52313	1389.1852	382.00974	1000.0	84.18794	68.13063	149.20547	-28.21528	780000	-1.2040139e-08	1139.8821	-0.017107695	-148.78271	2.995204	0.016648136	0.243	5.0	854.3364553451538
195	1192.4655	666.8581	1737.1671	50.668385	1000.0	98.59819	62.15153	149.84135	-34.487717	784000	-4.053116e-09	1351.3865	-0.012902584	-270.60144	3.019737	0.02218891	0.255	4.0	858.3356113433838
196	1282.4429	154.23528	1529.4021	1113.0326	1000.0	130.05005	38.508717	154.2907	-35.95513	788000	-4.7683715e-09	1376.3982	-0.014262246	-338.77234	3.020554	0.016407756	0.25975	4.0	862.2414047718048
197	1512.098	63.112278	1574.9762	1430.9862	1000.0	127.91103	9.596244	149.70642	43.743866	792000	9.298325e-09	1265.7451	-0.031707942	-247.07275	3.0183961	0.015086132	0.21325	11.0	866.3157961368561
198	1061.3916	546.7793	1596.4502	146.63306	1000.0	95.81053	70.376366	153.09146	-32.749207	796000	2.7656554e-08	1266.3912	-0.041180644	-142.57849	3.0046587	0.015529274	0.263	17.0	870.3422377109528
199	857.0673	605.5399	1404.8403	-56.00594	1000.0	84.268684	73.35414	152.86075	-30.237814	800000	-4.6491624e-09	1006.3261	-0.016235216	-228.06152	3.0187433	0.017954532	0.2565	5.0	874.5693311691284
200	1433.7644	147.36723	1622.5981	1209.8434	1000.0	121.742035	15.669961	147.37119	-12.612919	804000	-5.722046e-09	1352.1449	-0.03831721	-232.67444	2.9782417	0.01631626	0.26175	15.0	879.7932777404785
201	1350.4988	335.86414	1714.1575	814.90717	1000.0	114.63829	51.176277	151.35626	-32.37512	808000	-1.8119811e-08	1438.7118	-0.018970147	-196.30139	2.9841006	0.01642853	0.24825	5.0	883.5974354743958
202	725.60626	559.9849	1299.7579	-107.14851	1000.0	78.22607	73.67635	156.09213	-28.983463	812000	-2.1457671e-09	1435.1505	-0.017817482	-512.6215	2.9645383	0.016048703	0.21175	6.0	887.7194912433624
203	1079.3563	631.5846	1498.6364	-12.932174	1000.0	87.43141	58.80868	148.99434	-32.523	816000	2.8133393e-08	1243.7485	-0.017215738	-248.05426	2.9856665	0.018434273	0.28025	5.0	891.7108950614929
204	1349.417	262.3652	1685.9094	958.48157	1000.0	114.95079	47.083298	152.83226	-29.467625	820000	8.46386e-09	1264.8785	-0.014009766	-166.6405	2.9588358	0.020228615	0.23175	4.0	895.8272204399109
205	821.1266	653.98114	1602.6515	-166.83202	1000.0	77.802315	73.53513	153.48013	-25.979641	824000	2.0384789e-08	1124.5254	-0.012197673	-191.41254	2.9323082	0.02280639	0.30175	4.0	900.1590924263
206	1328.5084	317.3063	1775.0702	878.3561	1000.0	113.6401	49.17559	153.44316	-31.881456	828000	3.385544e-08	1772.6107	-0.01074468	-233.2782	3.0268314	0.020215027	0.24425	3.0	904.1391336917877
207	527.2662	612.06726	1567.6421	51.923088	1000.0	48.16808	77.865105	156.92009	-33.89742	832000	1.7642975e-08	952.99786	-0.016523926	-178.97699	2.9037895	0.016118683	0.29425	5.0	908.2980253696442
208	538.37305	548.8387	1277.67	-184.97166	1000.0	45.99769	72.23763	153.16222	-30.38475	836000	-1.1444092e-08	793.27814	-0.04505412	-127.53851	2.9855998	0.015741687	0.29825	21.0	912.7674453258514
209	1186.18	529.6831	1716.5739	303.85388	1000.0	96.53414	58.39639	154.77045	-32.65943	840000	1.6689301e-09	1573.7992	-0.048303585	-306.50464	2.9850636	0.017445186	0.28975	20.0	917.2094948291779
210	1374.092	193.8689	1585.6812	1127.5314	1000.0	111.35225	60.094986	157.77135	-28.433657	844000	1.2278557e-08	1322.1102	-0.07038005	-256.94824	2.9324217	0.012465466	0.39825	79.0	922.6059703826904
211	1364.2412	113.96501	1463.3157	1170.2521	1000.0	128.64088	54.15927	161.17378	-22.799	848000	-4.172325e-09	1546.3512	-0.023805752	-186.48035	2.9152744	0.015840484	0.25025	7.0	926.8449790477753
212	1426.6655	177.2823	1662.7848	1162.8953	1000.0	130.95882	44.71495	160.37247	-24.933214	852000	7.510185e-09	1159.897	-0.017349865	-133.73828	2.915504	0.016825397	0.21875	5.0	931.2294175624847
213	1282.1279	813.9351	1781.0001	-126.73406	1000.0	108.479706	69.34372	160.74786	-29.569618	856000	-2.2888184e-08	1286.285	-0.013554358	-250.82874	2.8997803	0.01900727	0.2735	4.0	935.4362440109253
214	1048.0679	384.17206	1560.9891	582.9668	1000.0	111.80749	77.954636	166.41048	-37.62421	860000	-3.027916e-08	1887.7538	-0.06918632	-794.75684	2.9113145	0.005662463	0.38125	79.0	940.1683316230774
215	1558.3268	108.829315	1700.6399	1417.2798	1000.0	122.82794	35.2289	158.54211	-26.863646	864000	3.504753e-08	1983.8492	-0.018290944	-580.46216	2.877707	0.015442186	0.23175	5.0	944.2482559680939
216	1075.0521	561.12976	1663.7983	187.81317	1000.0	104.350334	73.83236	164.25075	-25.893534	868000	-5.722046e-09	1443.0812	-0.008589067	-212.47937	2.8663735	0.019645458	0.2235	3.0	948.2258269786835
217	1286.4434	464.371	1668.7516	501.32907	1000.0	115.589516	60.269848	162.51285	-30.696413	872000	6.6757204e-09	1269.517	-0.013598235	-134.04346	2.8285103	0.01922761	0.28125	4.0	952.5885701179504
218	932.8236	729.967	1648.7858	-105.46206	1000.0	78.75067	80.86697	162.34285	-38.030445	876000	1.4662743e-08	1035.6195	-0.017585665	-126.31653	2.8592167	0.017226148	0.1855	5.0	956.4031512737274
219	1651.1282	167.99821	1806.2433	1368.6304	1000.0	140.95518	28.473896	163.63405	-26.409977	880000	-1.168251e-08	1990.77	-0.015105571	-330.01196	2.8563833	0.020846946	0.25075	4.0	960.6786298751831
220	1630.9902	117.75703	1753.3955	1439.0874	1000.0	153.37885	19.859095	166.66339	0.4324361	884000	8.5830685e-09	1476.4021	-0.011331265	-143.78284	2.8565207	0.019332645	0.25975	3.0	965.8667769432068
221	1254.4595	500.04962	1699.9474	424.79865	1000.0	117.01489	65.22228	165.7197	-23.3612	888000	-1.9073487e-09	1943.881	-0.014780845	-192.5122	2.8842084	0.01811253	0.2655	4.0	969.8555769920349
222	1233.2875	724.2144	1990.6117	46.373135	1000.0	109.948814	73.7578	166.49548	-28.557692	892000	-2.5868415e-08	1840.169	-0.012259102	-189.95789	2.8746743	0.025603954	0.319	4.0	973.665361404419
223	1558.132	201.25359	1850.0144	1319.1533	1000.0	138.1237	50.61616	169.37077	-31.927685	896000	5.6028364e-09	1669.1263	-0.013526244	-228.80383	2.8531106	0.018650029	0.22	4.0	977.9807517528534
224	1392.8574	588.97815	1981.4135	437.84143	1000.0	128.02017	70.735725	170.69904	-39.626534	900000	7.867813e-09	1672.7494	-0.017255077	-151.11584	2.8878293	0.01622887	0.25425	5.0	981.940886259079
225	1148.1808	795.38025	2042.108	149.1464	1000.0	92.286995	89.12089	169.89201	-46.660015	904000	-3.4570693e-09	1583.2522	-0.04038339	-170.10962	2.8311975	0.01510001	0.29	20.0	986.3248007297516
226	1711.7808	215.02293	1906.0548	1352.1438	1000.0	158.77254	32.485725	173.12021	-31.268873	908000	-2.6226044e-09	1884.7812	-0.01870632	-188.0293	2.8882782	0.018959925	0.2975	5.0	990.1276631355286
227	1207.1339	697.87585	1872.7721	77.67408	1000.0	117.064766	75.844635	172.69066	-27.029568	912000	-2.3126603e-08	1623.245	-0.03881337	-206.80872	2.8715124	0.015550036	0.2585	18.0	994.374058008194
228	1108.303	716.4501	1953.8649	-26.819483	1000.0	95.75362	79.886314	170.62883	-31.59532	916000	-2.2411346e-08	1687.089	-0.03558129	-218.27014	2.9022493	0.016274499	0.23975	13.0	998.5334467887878
229	1136.0542	701.7926	1883.7483	273.5565	1000.0	100.0826	84.53536	171.0736	-37.42777	920000	-1.835823e-08	1706.5696	-0.015727114	-223.15674	2.8270943	0.021080568	0.281	4.0	1002.7196214199066
230	364.347	537.10504	961.5007	-179.74557	1000.0	28.650045	87.20833	174.73235	-58.184177	924000	1.66893e-08	790.4329	-0.010525927	-156.4809	2.8466697	0.022673389	0.23575	3.0	1007.7922892570496
231	673.53723	577.4513	1459.535	-111.82123	1000.0	58.0945	86.84755	171.403	-37.538204	928000	1.2397766e-08	1202.9285	-0.05666989	-240.99084	2.9501684	0.015746465	0.34025	36.0	1012.1060366630554
232	924.8441	830.09607	1940.3772	33.331238	1000.0	73.960304	81.222534	166.83044	-37.26201	932000	5.0783157e-08	1727.7981	-0.017498719	-292.49255	2.8367858	0.017459279	0.26975	5.0	1016.4414660930634
233	1448.527	412.47375	1950.7604	1031.054	1000.0	112.498436	72.18564	171.47005	-36.12325	936000	1.7166137e-08	2327.2437	-0.045013223	-490.41687	2.8088622	0.016778331	0.29525	20.0	1020.8670828342438
234	1663.9512	76.85453	1788.0193	1577.3965	1000.0	160.78244	35.555927	180.96518	-26.830126	940000	4.172325e-09	1770.5605	-0.017595526	-285.1991	2.8037958	0.015100874	0.22725	5.0	1025.0430221557617
235	539.1925	546.0241	1481.3506	170.83241	1000.0	59.832535	80.97658	178.10211	-27.310848	944000	-7.390976e-09	2110.7405	-0.016741049	-912.43567	2.7340684	0.014448525	0.23075	4.0	1029.440661907196
236	1797.3192	144.99176	1973.4716	1583.7284	1000.0	129.98904	31.011335	171.44931	-41.093685	948000	1.9073487e-09	3100.56	-0.011639828	-1380.8435	2.8162298	0.019658849	0.289	4.0	1033.7011244297028
237	1394.6227	326.54446	1831.8108	911.96124	1000.0	129.9836	76.519844	180.24097	-29.089996	952000	-4.2915346e-08	1837.895	-0.012249426	-168.40234	2.8127239	0.0233709	0.3085	4.0	1037.6884586811066
238	1720.1989	110.92102	1862.8037	1563.0778	1000.0	159.22574	29.901669	179.21838	-20.854914	956000	-9.536743e-09	1850.7675	-0.032765318	-298.73425	2.7400362	0.016277676	0.2225	11.0	1041.9806141853333
239	1778.5238	85.763535	1846.9413	1633.6617	1000.0	158.3654	17.589727	178.06274	-2.1358542	960000	-6.198883e-09	1597.5496	-0.0156239625	-165.81812	2.7901828	0.020146687	0.27675	5.0	1046.3863036632538
240	1326.0698	692.28265	1838.9382	155.39381	1000.0	124.59138	72.5056	179.1836	-21.954836	964000	2.7656554e-08	2224.338	-0.017775178	-334.3368	2.7381508	0.021283612	0.26225	5.0	1051.2108430862427
241	1497.5575	429.41412	1912.2285	814.92975	1000.0	134.96501	67.35422	181.066	-35.708725	968000	-8.225441e-09	1968.599	-0.030802138	-200.031	2.7957237	0.016268482	0.27625	10.0	1055.5097823143005
242	1731.6045	237.06757	1888.7852	1322.437	1000.0	158.78802	29.199036	180.77408	-15.141747	972000	7.152557e-09	1855.934	-0.070770614	-204.37512	2.8139365	0.0077389274	0.3965	79.0	1059.8858771324158
243	1426.7604	647.16876	1988.035	345.57205	1000.0	125.80962	72.86908	180.01971	-31.167435	976000	-2.4199485e-08	1866.9196	-0.07020759	-189.39075	2.7340913	0.0052116117	0.3935	79.0	1064.6507210731506
244	1623.6947	191.74078	1836.573	1429.3413	1000.0	148.45229	50.867695	183.09843	-28.355494	980000	1.8119811e-08	1518.8901	-0.018301385	-164.05957	2.6831906	0.015118163	0.2095	4.0	1069.045797586441
245	1095.3779	597.02277	1812.8461	213.70975	1000.0	103.3258	83.74025	181.92029	-27.007542	984000	1.4305114e-08	2013.9846	-0.015372678	-267.67834	2.6589224	0.017866386	0.24825	4.0	1073.4438018798828
246	1478.3466	72.412735	1565.9127	1375.0955	1000.0	137.69508	43.292583	176.24089	-27.406721	988000	1.0490417e-08	2165.2249	-0.020201819	-281.3203	2.6434858	0.01584843	0.2505	6.0	1077.575024843216
247	1789.8057	122.57454	1887.7378	1583.5002	1000.0	147.13681	31.242617	175.03137	-27.231167	992000	-1.9788741e-08	2183.6555	-0.016934244	-454.7965	2.6647515	0.017526103	0.2795	5.0	1081.920341014862
248	1915.4868	121.85725	2059.5813	1753.9725	1000.0	165.9203	23.723269	185.105	-0.850536	996000	2.1457673e-08	2501.5764	-0.02179286	-319.1355	2.6341388	0.016175695	0.26725	7.0	1085.9925718307495
249	912.69446	657.31104	1576.4598	-73.72211	1000.0	99.08576	94.1605	190.79669	-34.17504	1000000	1.66893e-08	1862.5518	-0.0156596	-706.02026	2.6854303	0.018781183	0.259	4.0	1090.9933812618256
