Time AverageEpRet StdEpRet MaxEpRet MinEpRet	 EpLen meanHE SDHE SDLP SDspeed	TotalEnvInteracts	LossPi	LossV	DeltaLossPi	DeltaLossV	Entropy	KL	ClipFrac	StopIter	Miles
0	676.2722	68.63793	-604.8083	-789.4738	1000.0	0.01925875	0.49485734	1.5083398	-1.6401037	4000	-7.340312e-08	4422.272	-0.020526579	-698.3623	5.488368	0.012238761	0.1785	3.0	5.256094217300415
1	-632.6114	178.07878	-445.12302	-923.00336	1000.0	-5.4719334	4.342521	10.826407	-14.725459	8000	2.360344e-08	3673.4775	-0.05874799	-1449.4021	5.492744	0.01543718	0.27925	37.0	9.906238317489624
2	-655.84894	92.98462	-579.17914	-809.74536	1000.0	-17.187862	14.353165	23.81832	-24.10762	12000	-7.7009204e-08	2453.3564	-0.05310812	-963.7777	5.500485	0.016107371	0.25	25.0	14.39130711555481
3	-517.33704	58.060673	-437.68842	-583.1301	1000.0	-29.660969	1.1737976	-8.13776	-30.285944	16000	5.0783157e-08	1053.151	-0.04937026	-87.13678	5.4724393	0.015726933	0.259	25.0	18.650194883346558
4	-403.58368	81.02258	-308.0929	-527.6823	1000.0	-32.553444	2.1853616	7.478175	-33.474724	20000	-2.6822091e-09	429.73093	-0.018776128	-18.393402	5.3972654	0.0142110605	0.21275	6.0	22.881255626678467
5	-484.5335	89.01123	-340.4005	-573.8527	1000.0	-32.106117	3.6528432	12.690176	-34.289566	24000	-4.2915342e-09	557.25336	-0.017128285	-97.377655	5.378514	0.016352963	0.20575	6.0	27.21631956100464
6	-415.3192	95.07803	-319.8174	-545.2174	1000.0	-36.52317	1.4322157	2.111089	-36.91553	28000	4.2915342e-09	435.34747	-0.04677148	-24.38623	5.394838	0.016000913	0.2365	24.0	31.480713844299316
7	-319.28543	69.71843	-201.31488	-373.61618	1000.0	-35.412155	5.0258045	17.084286	-37.865246	32000	-1.8119811e-08	471.97543	-0.01819175	-100.704254	5.4051123	0.015158001	0.14575	6.0	35.53775978088379
8	-354.4313	56.755535	-267.5743	-407.8829	1000.0	-29.134974	7.103357	18.957872	-37.138756	36000	-2.3841857e-09	284.23175	-0.01672039	-22.543457	5.375255	0.016504655	0.217	6.0	39.7687885761261
9	-318.4998	123.14718	-171.59003	-510.22217	1000.0	-30.224586	7.0698724	13.715763	-37.10587	40000	-5.2452087e-09	410.06454	-0.03644627	-57.654297	5.362884	0.016140994	0.17825	14.0	44.20074391365051
10	-332.00992	123.14955	-239.99948	-541.89813	1000.0	-26.82185	9.565194	16.390295	-37.567505	44000	-1.3589859e-08	281.10284	-0.046293747	-34.506927	5.3017187	0.015824134	0.2335	22.0	48.784693479537964
11	-385.47122	59.40269	-329.03918	-471.6846	1000.0	-28.987387	9.046837	13.816177	-38.022285	48000	8.106232e-09	358.0961	-0.04673189	-63.743256	5.393009	0.01591327	0.22725	21.0	53.109994411468506
12	-370.005	92.35681	-291.6284	-526.1881	1000.0	-33.313766	6.459079	4.795346	-38.574673	52000	6.1273575e-08	308.38635	-0.01735978	-37.326904	5.324065	0.016704176	0.20025	6.0	57.62362313270569
13	-291.83084	59.059776	-196.04498	-352.7651	1000.0	-28.700792	8.621822	9.80247	-39.115105	56000	3.0994416e-09	299.1896	-0.04822241	-39.983856	5.340634	0.015802667	0.23975	22.0	61.798489809036255
14	-199.22107	62.001316	-103.1922	-258.5109	1000.0	-22.665312	7.4948153	18.131361	-38.967148	60000	1.5974045e-08	407.69818	-0.050337363	-57.317932	5.309128	0.01586817	0.252	27.0	66.40633416175842
15	-373.94415	90.33668	-241.32336	-481.51373	1000.0	-24.298506	10.228782	22.061176	-38.88307	64000	-2.384186e-10	426.98605	-0.016277108	-125.69559	5.2614317	0.01570417	0.206	6.0	70.8315658569336
16	-324.21063	155.82494	-147.99945	-557.65576	1000.0	-24.651222	16.317326	38.649445	-40.109783	68000	-5.2452087e-09	900.9369	-0.02299125	-378.49756	5.222619	0.017078161	0.2085	8.0	75.22446537017822
17	-193.1477	111.08941	-70.82738	-330.05643	1000.0	-26.132523	10.325386	19.969278	-40.50057	72000	-9.536744e-10	508.80576	-0.019348973	-159.40762	5.2555556	0.017925251	0.19625	7.0	79.5043032169342
18	-310.3396	111.93322	-203.19911	-498.37607	1000.0	-23.544497	12.378488	15.226565	-40.18454	76000	1.5497207e-08	303.329	-0.035085715	-81.5748	5.2191277	0.01561914	0.20525	14.0	83.98582124710083
19	-185.51505	51.01405	-111.56809	-250.1236	1000.0	-18.730587	7.883414	13.063425	-40.387264	80000	7.510185e-09	207.5707	-0.013734792	-35.681366	5.214496	0.018594978	0.25525	5.0	88.18892526626587
20	-282.43903	107.00891	-160.79707	-454.5584	1000.0	-21.56589	9.591608	4.8929763	-41.107727	84000	-3.0755995e-08	228.9929	-0.04015678	-37.635178	5.1910253	0.016354352	0.22575	17.0	93.23000454902649
21	-113.763725	74.88852	7.7898	-196.08722	1000.0	-20.892996	8.64478	8.638081	-41.796936	88000	-2.861023e-09	410.95862	-0.041972067	-145.97794	5.1588144	0.015578893	0.1875	20.0	97.34880638122559
22	-239.22289	97.51032	-93.069855	-340.10855	1000.0	-13.570478	11.561221	17.074986	-41.453728	92000	-6.9141386e-09	483.84607	-0.043646738	-127.221436	5.13603	0.016182445	0.21325	21.0	101.93864965438843
23	-117.99504	92.85669	-7.507681	-236.30724	1000.0	-19.966015	11.685117	19.415499	-42.409294	96000	1.1920929e-08	456.448	-0.03383408	-175.125	5.1703377	0.015951613	0.18175	13.0	106.52586436271667
24	-102.044174	52.659054	-12.228622	-146.9163	1000.0	-9.165768	7.4138904	17.630774	-36.939182	100000	4.053116e-08	278.68774	-0.03918065	-22.293213	5.142184	0.016228627	0.20375	17.0	110.79971718788147
25	-244.02068	154.49821	-10.987094	-391.17505	1000.0	-13.253264	8.672075	14.298926	-39.057785	104000	-1.1205673e-08	466.75613	-0.019132037	-240.83038	5.1126914	0.016108597	0.17775	7.0	114.96745729446411
26	-157.41478	12.175549	-139.93427	-174.34386	1000.0	-13.448865	8.754996	15.9707575	-41.56917	108000	1.2397766e-08	313.26205	-0.039186344	-37.043396	5.06925	0.015432114	0.2425	17.0	119.51541900634766
27	-234.95622	193.41304	27.065268	-454.6463	1000.0	-22.876406	13.389508	12.50518	-42.551662	112000	3.3378602e-09	285.60962	-0.018900542	-55.743164	5.1370683	0.01553431	0.1745	6.0	123.90059185028076
28	-169.96478	159.19714	70.67077	-369.17084	1000.0	-16.919374	15.992903	33.165012	-43.534534	116000	3.1232833e-08	347.0826	-0.012188472	-43.651184	5.0418215	0.016876208	0.1605	4.0	128.03698682785034
29	-122.07661	219.34984	139.11823	-459.14523	1000.0	-14.965545	15.630555	20.481775	-42.82245	120000	1.5974045e-08	295.5165	-0.015816402	-57.985596	5.114851	0.018214837	0.2325	6.0	132.24818396568298
30	-200.13837	115.09147	-111.24579	-395.3242	1000.0	-12.130215	16.743086	34.059643	-43.51969	124000	-1.8119811e-08	281.83276	-0.015733974	-64.4144	5.100465	0.016406037	0.2295	5.0	136.9545328617096
31	-118.47849	184.61208	43.559696	-430.82758	1000.0	-15.219475	14.723327	16.34481	-44.656593	128000	5.2452087e-09	442.40088	-0.04981593	-78.44681	5.0500507	0.015408518	0.26025	26.0	141.18092703819275
32	25.170153	84.84162	106.91865	-112.721924	1000.0	-3.0381682	10.513491	29.11215	-40.132008	132000	-2.8550625e-08	309.24683	-0.042458955	-77.18248	5.069883	0.015608145	0.2245	19.0	145.39393281936646
33	-107.04625	13.25702	-93.42049	-123.21408	1000.0	-2.4176655	10.639875	28.416185	-44.62855	136000	2.1457673e-08	446.09894	-0.046626136	-109.80899	5.0183015	0.015447952	0.2255	25.0	150.04621195793152
34	23.360188	56.499596	116.562904	-35.827213	1000.0	-3.7095063	8.246443	22.568148	-38.282818	140000	3.2901763e-08	265.4245	-0.04736137	-76.07434	4.999997	0.01624535	0.227	23.0	154.5833764076233
35	-101.93204	209.05579	50.860386	-461.51294	1000.0	-2.3511188	12.162489	19.175789	-44.77563	144000	3.6239623e-08	432.95074	-0.017351022	-179.9214	5.0163617	0.01692881	0.21825	5.0	158.97559189796448
36	15.855283	65.34634	123.280556	-40.014347	1000.0	0.23937608	9.373627	29.30417	-36.09106	148000	2.6106834e-08	412.44513	-0.04769749	-46.80188	4.9409556	0.015237196	0.2575	22.0	163.61398649215698
37	45.899105	48.09841	111.87823	-20.411572	1000.0	3.4457107	10.171411	34.023777	-33.376755	152000	-7.152557e-09	283.41885	-0.058398087	-37.27179	4.951919	0.015208583	0.272	34.0	168.24773526191711
38	53.257935	117.27657	236.57312	-83.49712	1000.0	4.522969	7.7349987	33.854954	-28.130356	156000	1.4305114e-08	285.8965	-0.017495874	-30.853104	4.993386	0.01454369	0.1625	6.0	172.4562726020813
39	15.072695	78.44365	81.4258	-118.81462	1000.0	6.0020375	8.252056	27.636328	-35.375923	160000	8.8214875e-09	343.47363	-0.015158445	-51.43457	4.909409	0.016495533	0.2	6.0	176.70316815376282
40	-198.80945	157.24585	64.184814	-353.2205	1000.0	-8.084832	15.383526	27.390324	-45.71857	164000	2.861023e-09	470.2139	-0.011131511	-225.57414	4.975812	0.014611606	0.161	4.0	181.4592101573944
41	-44.37256	188.12947	238.5004	-271.54654	1000.0	-10.857903	16.24217	23.39713	-46.516712	168000	-2.4557114e-08	426.79117	-0.05620898	-102.703156	4.9204345	0.015837893	0.26875	32.0	185.13385581970215
42	123.164375	46.792747	189.89482	62.392254	1000.0	4.780617	10.493844	40.387913	-34.315327	172000	-1.692772e-08	325.33624	-0.0142008625	-89.18594	4.871461	0.018102136	0.19	5.0	189.25683617591858
43	146.59712	150.56163	304.164	-57.08576	1000.0	11.978259	8.522133	34.59693	-25.410608	176000	8.106232e-09	524.82104	-0.041462295	-66.07529	4.8920636	0.0151168825	0.22775	19.0	193.48208570480347
44	37.40627	53.04675	99.93331	-42.772198	1000.0	12.839954	11.157766	39.61918	-29.850061	180000	-6.437302e-09	402.56628	-0.03943988	-124.68323	4.8798614	0.01586138	0.20075	16.0	197.56016421318054
45	109.43346	130.10692	327.78513	-6.123399	1000.0	5.2335005	6.3353972	27.66312	-27.67899	184000	-3.695488e-08	367.42975	-0.07999537	-59.20117	4.792171	0.014448612	0.37825	79.0	202.37872743606567
46	145.70474	29.565062	176.92284	97.1425	1000.0	9.939451	7.9766865	34.714176	-19.872484	188000	-2.8133393e-08	225.0144	-0.016252218	-43.94879	4.7516623	0.016729338	0.16925	5.0	206.39833092689514
47	138.41248	102.76407	261.95718	-21.073586	1000.0	13.540457	7.553014	36.998516	-22.142822	192000	-1.4185906e-08	369.74243	-0.014555073	-33.59961	4.7969394	0.015121807	0.1735	5.0	210.81842613220215
48	204.85892	69.021095	310.4678	132.37956	1000.0	14.205993	8.443072	40.105946	-21.082478	196000	3.242493e-08	339.40588	-0.08055572	-50.98001	4.8250227	0.012581106	0.35075	79.0	215.66647672653198
49	81.709854	29.349144	128.57538	56.3227	1000.0	17.005234	8.452675	38.900738	-26.324224	200000	1.5735626e-08	318.7982	-0.052551612	-112.12662	4.714659	0.015614499	0.2615	27.0	219.98662972450256
50	183.4889	60.14116	267.0846	126.12285	1000.0	8.952663	5.266742	28.105942	-22.08256	204000	2.4080277e-08	300.0365	-0.041892096	-77.38959	4.731746	0.01567342	0.20925	18.0	224.81695413589478
51	122.05496	116.65098	297.24127	-20.765015	1000.0	13.738286	10.215001	40.646	-42.67627	208000	4.148483e-08	383.66287	-0.055356227	-88.95813	4.6941233	0.01573662	0.27	27.0	229.1787567138672
52	153.61139	58.162613	231.62044	67.72738	1000.0	14.088246	9.459891	36.71322	-34.776623	212000	-2.8133393e-08	496.48138	-0.04286396	-62.246338	4.6924453	0.01603281	0.231	17.0	233.56000089645386
53	181.2026	23.019762	208.73767	146.47922	1000.0	14.848041	10.918161	45.14982	-32.646446	216000	2.384186e-10	296.32172	-0.014781812	-46.833923	4.6308403	0.021313954	0.2245	5.0	237.9468629360199
54	223.61978	62.1714	273.61258	119.58585	1000.0	17.666533	9.023562	38.09806	-33.44292	220000	7.629395e-09	453.02002	-0.02523903	-51.815094	4.5853987	0.016725117	0.15275	10.0	242.31611514091492
55	170.57242	308.82352	449.78125	-336.5492	1000.0	14.150059	19.170485	44.477383	-45.98879	224000	1.2874604e-08	607.4214	-0.051864956	-289.6575	4.6403165	0.015333698	0.2835	24.0	246.6266324520111
56	197.76666	101.13044	347.0482	93.67133	1000.0	26.916784	11.533401	47.510803	-37.770557	228000	1.7166137e-08	474.46774	-0.017239222	-132.1272	4.611001	0.014279452	0.24125	5.0	250.73246908187866
57	241.1978	111.53891	415.07974	105.464005	1000.0	18.868713	9.385064	40.747223	-36.028267	232000	3.3378602e-09	387.327	-0.053682525	-55.15265	4.5417833	0.015342796	0.27325	26.0	255.26628756523132
58	190.58006	56.577854	287.51788	144.8243	1000.0	20.196596	13.075355	45.622196	-46.467037	236000	-2.3841857e-09	358.3691	-0.02033665	-55.84073	4.5540624	0.017174372	0.19175	6.0	259.477867603302
59	302.86447	120.28076	493.47293	195.01956	1000.0	21.046001	8.304488	41.12678	-31.942947	240000	-3.671646e-08	562.3397	-0.011470984	-113.25217	4.5378165	0.014479077	0.163	4.0	263.58274722099304
60	332.56757	126.011955	481.57855	154.2976	1000.0	28.93589	10.869471	48.739635	-36.586864	244000	1.5616417e-08	556.64777	-0.04487281	-77.17874	4.492978	0.016655497	0.25225	18.0	268.4668185710907
61	287.96255	45.75881	322.24072	210.52771	1000.0	28.536642	11.991734	52.862507	-23.434406	248000	-1.4305115e-09	359.57037	-0.051285684	-58.70276	4.4902344	0.016129807	0.26675	24.0	272.58838748931885
62	89.319595	211.15532	255.10112	-268.72415	1000.0	19.16034	21.186493	50.616	-50.173462	252000	2.4318695e-08	620.43	-0.04092406	-274.92505	4.539395	0.017054817	0.21525	16.0	277.06774282455444
63	305.04855	142.65968	462.2765	91.78516	1000.0	21.635933	9.407533	47.935493	-21.742334	256000	2.861023e-09	443.7036	-0.013743865	-117.92676	4.5487065	0.01712964	0.229	4.0	281.24125814437866
64	318.44455	121.83502	491.97958	173.57765	1000.0	29.7655	9.482739	53.368145	-27.620403	260000	5.00679e-09	522.1347	-0.048822388	-58.773407	4.5102043	0.015714224	0.249	23.0	285.52760767936707
65	297.47662	36.31317	355.21027	259.2869	1000.0	29.911652	11.203805	53.25352	-29.508978	264000	-2.348423e-08	385.1176	-0.053991526	-61.85907	4.4637074	0.015714986	0.28175	27.0	289.7023193836212
66	80.38704	329.422	356.41782	-474.12827	1000.0	14.778836	25.725588	51.248203	-53.892498	268000	-1.26361845e-08	409.86777	-0.038122013	-169.4207	4.4554687	0.015257168	0.19575	13.0	294.00246810913086
67	310.42007	125.605194	448.67032	145.07932	1000.0	25.622063	9.819345	49.323288	-22.506283	272000	1.4305114e-08	500.8066	-0.034991514	-86.58551	4.4385905	0.015404935	0.2185	12.0	298.1608684062958
68	125.09564	358.6026	437.92435	-484.74542	1000.0	13.550805	30.431837	53.19524	-55.02724	276000	-8.106232e-09	447.2345	-0.02042121	-104.2327	4.427776	0.014578388	0.2095	6.0	302.5133240222931
69	326.0541	51.30857	385.81497	262.97678	1000.0	29.641058	9.557904	50.42489	-20.808367	280000	6.9141386e-09	428.91122	-0.034995493	-57.71216	4.3892927	0.017134694	0.223	13.0	306.6756854057312
70	284.52325	125.73634	360.9337	66.879364	1000.0	30.425077	10.337707	52.809372	-17.399643	284000	-8.5830685e-09	548.31635	-0.04308101	-84.125854	4.381528	0.016259933	0.2445	18.0	311.5118887424469
71	319.42532	94.78546	428.17184	172.1817	1000.0	27.629244	11.187055	49.33456	-24.477991	288000	-2.0742416e-08	384.13443	-0.03987134	-67.51688	4.3987823	0.015838845	0.202	16.0	315.8045711517334
72	246.556	152.64319	492.94473	86.84473	1000.0	29.365541	9.196137	52.46584	-12.109507	292000	1.66893e-08	636.2356	-0.046188734	-135.70221	4.428478	0.016347256	0.23275	20.0	320.06261801719666
73	318.65375	41.52193	390.3612	290.2053	1000.0	22.06887	12.499506	49.759277	-32.982388	296000	-8.34465e-09	687.2396	-0.04114068	-138.65912	4.405177	0.01605569	0.2205	15.0	324.23453974723816
74	229.60172	105.35669	388.16748	110.72237	1000.0	28.393278	15.196763	56.540146	-42.083725	300000	-2.2411346e-08	807.4101	-0.034111816	-123.90204	4.3278747	0.017562015	0.2695	13.0	328.39572167396545
75	364.99036	141.34949	585.3257	208.833	1000.0	23.726376	18.025396	57.126698	-57.02023	304000	2.384186e-10	580.60187	-0.042356122	-172.9425	4.3464317	0.016374905	0.22875	17.0	332.43067383766174
76	347.17014	134.57034	573.1784	229.69493	1000.0	35.097008	11.831586	56.885563	-29.081062	308000	-2.0503998e-08	636.12665	-0.042382225	-81.91565	4.2728624	0.01573393	0.2295	18.0	336.75503396987915
77	383.29062	54.698696	425.817	292.0643	1000.0	34.13676	12.442297	58.93304	-36.404087	312000	-2.336502e-08	411.1731	-0.048069224	-78.828094	4.2652297	0.015771475	0.25775	23.0	341.2082064151764
78	376.73285	105.05216	501.2975	211.67134	1000.0	35.11177	10.012083	57.095688	-25.549797	316000	-1.579523e-08	544.4405	-0.027199848	-95.822296	4.233761	0.0172437	0.18125	10.0	345.7594618797302
79	438.74542	62.83977	518.9499	344.09442	1000.0	39.87904	11.509539	61.10432	-21.700752	320000	1.847744e-08	427.02582	-0.04702992	-58.468323	4.2485147	0.015340667	0.25875	19.0	350.00940012931824
80	351.32358	48.173264	399.23712	283.99158	1000.0	39.41592	8.970788	62.277454	-7.5108767	324000	1.0251999e-08	555.9995	-0.037481967	-103.57547	4.2008834	0.015587821	0.22175	15.0	354.4422686100006
81	366.8633	42.16546	429.9319	311.15952	1000.0	35.401142	12.480593	60.484634	-26.810781	328000	-1.0967255e-08	462.0769	-0.046467647	-83.07214	4.144334	0.015876845	0.26025	21.0	358.35777711868286
82	238.1213	436.47632	549.2432	-514.84766	1000.0	20.566969	30.790377	58.417503	-56.85435	332000	3.218651e-08	552.3113	-0.0461676	-225.7622	4.1783447	0.015828226	0.2375	21.0	362.60179257392883
83	389.23495	12.2130575	403.04706	369.68256	1000.0	41.110767	10.411493	61.06523	-11.435181	336000	1.9550324e-08	411.87003	-0.04339439	-75.73477	4.0849214	0.015153006	0.23075	19.0	366.7951674461365
84	415.1518	90.765564	572.3583	361.84262	1000.0	37.395084	8.605829	59.38854	-12.137967	340000	-2.861023e-09	550.8886	-0.034332383	-67.40167	4.1289353	0.01584587	0.2105	13.0	371.18265891075134
85	434.88556	70.57725	540.20825	358.70245	1000.0	36.62958	10.331606	59.792862	-11.125943	344000	-1.0490417e-08	437.96228	-0.040844753	-70.55179	4.096096	0.01533646	0.25225	15.0	375.48427081108093
86	438.63037	100.08142	525.7692	269.09918	1000.0	40.389843	8.093015	58.878685	1.0962596	348000	-4.2915346e-08	438.53082	-0.015424271	-54.70288	4.074569	0.01644144	0.202	4.0	379.8151319026947
87	426.04492	80.12233	562.4204	361.5615	1000.0	41.941097	10.397562	63.849873	-3.3878908	352000	-3.8146974e-09	396.44394	-0.012807432	-55.000854	4.07886	0.016938332	0.19325	4.0	384.16017031669617
88	500.63782	155.51355	656.9443	282.783	1000.0	41.10511	8.173399	61.97816	0.68185556	356000	-1.7881394e-08	680.1185	-0.038546544	-131.73828	4.112729	0.016055828	0.24625	14.0	388.35194158554077
89	500.5578	66.73556	611.725	436.3343	1000.0	47.735577	11.12721	68.60911	-26.89436	360000	-1.0490417e-08	365.5869	-0.016658818	-71.15054	4.095945	0.016525486	0.22175	5.0	392.7181816101074
90	205.39294	310.03723	525.3561	-307.38687	1000.0	32.753654	27.212841	64.005295	-54.047688	364000	2.5749207e-08	778.30774	-0.017668793	-440.4683	4.0776124	0.014141485	0.17975	5.0	397.4272918701172
91	518.46674	77.230705	619.6138	438.02884	1000.0	32.73818	8.637019	62.08401	-2.7624748	368000	-6.6757204e-09	779.70715	-0.035243392	-307.00156	4.043096	0.015736733	0.19675	14.0	401.5934097766876
92	418.16254	130.27422	614.4473	291.95694	1000.0	47.059433	9.896927	66.34907	-18.243319	372000	3.7908553e-08	711.7896	-0.0483202	-138.72626	4.038994	0.016624851	0.26425	24.0	406.0508162975311
93	479.87463	74.73593	582.0068	380.80957	1000.0	41.59203	12.734932	69.48109	-8.528425	376000	-1.2159347e-08	474.01544	-0.044554625	-78.84946	4.0208774	0.015736217	0.23875	18.0	410.42439913749695
94	561.1919	73.58568	679.5569	496.2324	1000.0	44.607506	9.483691	67.24302	-13.402756	380000	-2.3841858e-08	494.4149	-0.019255772	-102.78296	3.969392	0.018023033	0.16825	6.0	414.6207194328308
95	382.12012	461.87698	722.1183	-410.56256	1000.0	49.7408	9.214432	69.34434	8.841349	384000	-5.7697296e-08	2506.6553	-0.024583042	-1744.7086	3.9941607	0.017559202	0.20225	8.0	418.8245539665222
96	622.1039	84.3168	698.643	489.29413	1000.0	54.63848	11.019334	76.04413	-30.050743	388000	4.529953e-09	552.9935	-0.04964326	-75.17462	4.000912	0.01575364	0.291	21.0	423.21935415267944
97	575.8663	102.51288	649.38885	399.05557	1000.0	55.769226	9.262825	72.311	-15.25688	392000	1.6689301e-09	625.37537	-0.05229579	-68.814514	3.9832036	0.0151776215	0.2675	28.0	427.39504051208496
98	535.9325	61.088367	597.77655	457.1634	1000.0	53.821087	7.605998	73.651535	14.335996	396000	4.768372e-10	448.4935	-0.03186031	-46.37625	3.9320385	0.01523811	0.2025	13.0	431.61749362945557
99	506.97147	111.83784	604.8196	332.02234	1000.0	50.14553	8.684996	71.62381	-0.97013867	400000	2.7418137e-08	528.85803	-0.041324798	-66.704285	3.9500747	0.015437352	0.25025	19.0	435.8328459262848
100	494.43616	168.24982	679.2161	305.69882	1000.0	46.469414	9.307931	70.02976	-20.177597	404000	2.0503998e-08	556.6767	-0.036973435	-61.698425	3.902258	0.015662028	0.23825	13.0	440.44714403152466
101	537.87366	60.19568	596.1722	437.9715	1000.0	46.85337	10.586899	70.7237	-17.137743	408000	-1.7881394e-08	431.47656	-0.039951574	-70.77643	3.892048	0.015842251	0.2065	18.0	444.80012464523315
102	557.4863	60.709076	638.7271	494.30884	1000.0	49.498905	7.183347	67.8667	-19.363459	412000	3.695488e-09	489.28925	-0.046913836	-39.7023	3.854079	0.015814237	0.23525	22.0	449.1507785320282
103	574.1029	157.75539	746.54706	415.2061	1000.0	50.46654	8.21367	71.19406	-24.0718	416000	-3.0994416e-09	1025.101	-0.042868856	-171.10352	3.874788	0.015974697	0.242	17.0	453.5375642776489
104	450.30008	364.84158	752.21423	-163.22986	1000.0	47.296715	24.03502	80.51445	-39.21358	420000	3.7550927e-09	1594.009	-0.028898716	-897.2899	3.824944	0.01536832	0.20375	11.0	458.15134263038635
105	567.3051	70.39134	659.3352	496.24985	1000.0	58.5802	12.198404	80.69442	-13.207396	424000	-2.3841857e-09	576.9982	-0.03398619	-137.72232	3.8602338	0.016226502	0.2455	12.0	462.47600054740906
106	675.3333	182.79716	874.37866	377.41168	1000.0	52.401848	10.549277	77.91798	-10.937693	428000	-9.417534e-09	831.215	-0.028099261	-147.38776	3.860186	0.017780177	0.19975	10.0	466.40325689315796
107	601.2565	137.23549	819.9916	445.88815	1000.0	58.9401	13.636619	83.30844	-35.5217	432000	-1.1920929e-09	635.1563	-0.017564863	-82.18494	3.840399	0.017100211	0.19	5.0	470.8243591785431
108	572.94244	145.64995	773.2942	383.88168	1000.0	57.04611	11.387509	81.651276	-12.442404	436000	-1.1444092e-08	779.16376	-0.03547542	-85.583984	3.7958028	0.01715034	0.21825	14.0	474.85551714897156
109	618.10803	188.88588	919.47174	443.619	1000.0	53.704327	12.064363	81.34159	-4.6877823	440000	-1.0967255e-08	914.6248	-0.028396444	-111.92279	3.766787	0.015974203	0.20075	10.0	479.28065609931946
110	646.6364	134.10078	854.4747	493.38205	1000.0	57.476025	14.596549	83.98965	-9.7612	444000	1.9073487e-09	867.3818	-0.028351482	-99.262146	3.7667465	0.017805744	0.21125	12.0	484.26076340675354
111	654.4878	134.20815	878.3481	538.55945	1000.0	61.11089	13.204857	87.37978	1.0529503	448000	-4.005432e-08	843.2268	-0.01824067	-97.14197	3.7875106	0.014902782	0.14775	5.0	488.53264331817627
112	564.8505	68.25504	657.0391	465.33966	1000.0	58.135075	15.06729	89.0769	-14.967146	452000	1.7404556e-08	578.5909	-0.025493132	-105.41449	3.8267026	0.01887859	0.1785	9.0	492.9945299625397
113	667.14087	95.41352	776.11426	524.8524	1000.0	55.112156	10.629522	85.5551	2.6710246	456000	2.6702882e-08	583.51514	-0.030811263	-113.69095	3.7422118	0.015776603	0.212	13.0	497.1470777988434
114	687.7808	51.443653	741.4193	622.37616	1000.0	62.47226	9.623546	87.73324	12.130463	460000	1.66893e-08	672.0929	-0.04546046	-83.07013	3.7711859	0.015131527	0.2415	22.0	501.7170171737671
115	604.8032	204.33476	814.63226	294.92783	1000.0	62.250767	10.951308	90.04045	-0.26356322	464000	4.339218e-08	873.9789	-0.043401264	-146.23712	3.7488692	0.015624033	0.254	20.0	506.10827112197876
116	704.68665	78.873604	803.0435	582.7589	1000.0	57.932777	14.274291	88.33604	-26.327667	468000	1.001358e-08	707.28284	-0.034398295	-139.4826	3.726792	0.014964808	0.2365	13.0	510.320761680603
117	757.9726	135.26205	903.682	554.9005	1000.0	65.02638	10.035885	91.170876	12.949802	472000	1.8060208e-08	728.9351	-0.031405013	-99.83508	3.7225626	0.01649369	0.23	11.0	514.5124225616455
118	742.14655	41.29439	796.20123	680.1971	1000.0	69.66257	16.055996	91.63903	-49.156136	476000	-2.5749207e-08	515.2413	-0.032409154	-66.51526	3.7107952	0.015419157	0.20725	13.0	518.7029891014099
119	679.6826	130.86554	858.9462	489.77118	1000.0	69.84136	8.784645	90.17667	14.424667	480000	-2.6226044e-09	627.5557	-0.019772688	-98.17499	3.7646587	0.015531584	0.158	7.0	523.0309510231018
120	660.10815	117.9715	783.5997	482.18	1000.0	63.210697	9.798366	88.85974	11.715268	484000	-8.8214875e-09	742.7502	-0.04485141	-86.73505	3.7359986	0.015763517	0.2685	19.0	527.9886317253113
121	609.91205	73.3551	713.70764	520.58594	1000.0	60.22771	10.960987	87.90967	10.761057	488000	-3.5762786e-09	626.83575	-0.027952187	-87.6546	3.7327893	0.017538026	0.18575	10.0	531.9863493442535
122	676.70215	99.802864	751.0861	504.79095	1000.0	57.25174	9.411012	83.58055	10.023405	492000	3.1471252e-08	485.72675	-0.041882273	-92.9173	3.696719	0.016112892	0.24475	19.0	536.2682514190674
123	665.1182	134.65646	851.08167	493.155	1000.0	63.32694	8.991456	88.931114	2.1006756	496000	7.1525574e-10	738.9656	-0.020793045	-90.50824	3.677594	0.01500997	0.169	7.0	540.1116833686829
124	685.82684	84.55639	770.2453	549.22473	1000.0	61.379765	11.3704815	87.47953	2.810472	500000	1.7166137e-08	931.8231	-0.031348493	-114.66864	3.6441634	0.016519837	0.266	11.0	544.1170139312744
125	603.3926	83.667694	707.5641	485.55563	1000.0	61.651188	15.397043	92.92209	-5.08748	504000	2.5749207e-08	761.2154	-0.024839249	-130.95502	3.7102726	0.01800477	0.21425	9.0	548.6940245628357
126	788.5066	55.263004	873.1512	732.95746	1000.0	58.747643	11.85206	86.03069	-12.925807	508000	5.1259996e-09	1143.9622	-0.036973286	-280.92493	3.6767685	0.016399017	0.269	14.0	553.4210102558136
127	751.61536	165.82867	1037.454	639.6858	1000.0	71.20239	13.607384	99.411	1.7569991	512000	3.385544e-08	751.773	-0.041095585	-79.71753	3.605366	0.015641378	0.2475	16.0	557.6790382862091
128	700.76337	122.63318	848.0967	577.149	1000.0	68.6417	11.667483	96.097206	14.688885	516000	-2.3126603e-08	719.7813	-0.032202654	-80.1803	3.6221068	0.015075518	0.2445	12.0	562.0442712306976
129	641.53754	73.56988	747.8485	551.32153	1000.0	64.05081	12.45844	94.528885	7.3221064	520000	-2.861023e-09	773.4641	-0.031284586	-115.11096	3.6357846	0.017322486	0.2105	12.0	565.7925071716309
130	715.2136	136.069	906.70953	531.1218	1000.0	59.548275	14.527215	91.921715	-12.388108	524000	1.2516975e-08	766.4311	-0.01902548	-157.92395	3.6023214	0.01611608	0.20925	5.0	570.5200593471527
131	801.52747	47.477398	863.8804	731.9946	1000.0	69.94325	10.349885	97.076035	17.934053	528000	5.722046e-09	955.18774	-0.014806089	-137.17102	3.5921142	0.01813816	0.2235	5.0	574.837643623352
132	762.8678	58.64756	812.69116	667.74695	1000.0	71.35858	16.02499	101.38549	-8.400486	532000	4.4107438e-09	631.78735	-0.02794204	-122.56302	3.587114	0.014993067	0.2325	11.0	578.9360537528992
133	655.43567	73.69341	760.5697	552.6218	1000.0	67.437294	21.719574	95.84199	-56.801098	536000	-1.5735626e-08	386.30368	-0.07245246	-127.56232	3.5818257	0.0150529705	0.35975	78.0	583.9253709316254
134	803.0476	54.30562	892.0359	745.62067	1000.0	65.03545	6.895404	88.62056	25.192963	540000	1.07288365e-08	595.7074	-0.018381417	-120.76044	3.551979	0.014566356	0.178	5.0	587.9630782604218
135	801.501	121.7453	1004.33264	687.1065	1000.0	73.82287	7.2740774	93.909424	29.003891	544000	0.0	739.0507	-0.029188337	-71.109924	3.5357246	0.015906813	0.223	11.0	592.2663450241089
136	881.7187	38.476154	929.5673	822.04846	1000.0	75.93365	8.603633	96.99533	33.41575	548000	-4.2915342e-09	590.3271	-0.017166268	-80.45468	3.5497	0.015846113	0.218	5.0	596.5865821838379
137	922.54297	45.093143	981.43134	865.2399	1000.0	80.5126	8.767615	100.268776	28.98605	552000	-3.33786e-08	735.1392	-0.07315848	-93.47247	3.515131	0.014331074	0.359	79.0	601.5658733844757
138	854.0333	176.0656	1145.2704	703.81683	1000.0	84.49433	9.824891	106.04572	31.251657	556000	7.629395e-09	924.00977	-0.07482049	-139.94604	3.5131977	0.014499777	0.379	79.0	606.4682059288025
139	911.35406	101.622635	993.6757	739.82776	1000.0	79.933716	12.326137	106.99271	24.848486	560000	1.525879e-08	830.62915	-0.053563517	-110.89813	3.453851	0.016444968	0.28675	28.0	610.800897359848
140	839.9968	79.291245	976.55035	785.32733	1000.0	82.23603	13.129211	108.665146	-1.5075744	564000	2.4974346e-08	699.60077	-0.047336463	-122.381714	3.4345195	0.016055398	0.28925	23.0	615.904746055603
141	882.3685	65.86331	978.7948	803.86884	1000.0	77.68303	10.091585	106.301796	25.30416	568000	1.9788741e-08	1035.3384	-0.042033587	-168.76624	3.4428184	0.01589859	0.24875	19.0	620.1713070869446
142	848.14087	100.759285	940.865	681.2911	1000.0	82.77819	14.791708	112.099556	17.029411	572000	-2.169609e-08	876.70874	-0.044959657	-120.39221	3.358751	0.01635555	0.25375	20.0	624.5805859565735
143	1009.8076	96.93502	1070.9542	842.10474	1000.0	84.035675	13.350787	111.34171	24.175072	576000	2.7894973e-08	1123.0927	-0.016511448	-194.24243	3.329505	0.01731742	0.18725	5.0	628.7849185466766
144	849.2979	40.28988	903.33734	789.7676	1000.0	90.58777	12.579314	117.65465	32.248764	580000	7.390976e-09	753.9531	-0.012597727	-260.79465	3.351608	0.017395781	0.2285	3.0	632.8441770076752
145	822.2451	90.82216	896.2289	670.3862	1000.0	77.47256	8.453445	102.48545	40.541607	584000	-1.2278557e-08	839.59283	-0.009427658	-104.292114	3.339651	0.016308216	0.2295	3.0	637.2618165016174
146	945.90533	48.081078	1011.2602	895.51953	1000.0	77.60368	11.78862	107.29006	31.934526	588000	-4.768372e-10	901.00665	-0.02872776	-176.18219	3.3087223	0.016189314	0.22125	10.0	641.6527209281921
147	843.33435	205.9984	1007.9309	491.02948	1000.0	85.449974	11.852554	113.816605	33.35523	592000	-2.4080277e-08	906.2816	-0.019583158	-149.92163	3.3433175	0.014814968	0.18175	6.0	645.9670639038086
148	962.2053	48.22637	1040.7242	912.46954	1000.0	81.664955	11.186225	111.20902	13.866441	596000	1.5497207e-08	837.0814	-0.029649677	-146.06805	3.3176036	0.016644448	0.22225	11.0	650.0668201446533
149	1002.8071	91.9505	1091.499	849.41077	1000.0	89.28763	9.946013	116.67633	33.09543	600000	-2.1219254e-08	710.91864	-0.028509455	-84.186035	3.3275387	0.016502695	0.259	11.0	654.6815977096558
150	937.4018	32.051453	991.7432	908.6505	1000.0	92.04814	9.975574	117.60305	25.223833	604000	-3.0994414e-08	1354.4233	-0.035038825	-264.99548	3.3314726	0.015168898	0.23875	12.0	659.4500021934509
151	1023.5261	107.25265	1163.508	883.0017	1000.0	88.52105	15.801655	121.340294	23.287941	608000	-1.168251e-08	856.29663	-0.028316444	-186.50024	3.3017051	0.01881565	0.26425	11.0	663.7307419776917
152	1061.9409	125.468834	1219.3226	935.1638	1000.0	94.74416	9.858846	119.61189	37.20184	612000	-4.2915342e-09	1018.7011	-0.028403984	-119.41223	3.3483915	0.01811426	0.21675	11.0	667.9227113723755
153	887.1271	164.75697	1077.1398	659.7226	1000.0	96.76371	12.451418	123.13831	29.916529	616000	1.9550324e-08	1287.4902	-0.042157482	-394.48785	3.275127	0.016092865	0.27375	19.0	671.9397251605988
154	990.5753	56.48232	1081.9746	938.1759	1000.0	82.01707	13.347942	114.09665	12.183725	620000	1.8119811e-08	908.609	-0.014007004	-215.15631	3.2335582	0.014648334	0.14425	4.0	676.0259833335876
155	1128.1576	50.31246	1198.9381	1066.5615	1000.0	95.365654	10.021763	120.472534	49.985218	624000	1.1444092e-08	881.5236	-0.024628367	-153.96698	3.2711596	0.016633999	0.208	9.0	680.2497837543488
156	857.9413	137.7622	1068.6063	704.747	1000.0	101.69864	8.836895	123.75509	21.1499	628000	-1.0251999e-08	1306.539	-0.011656974	-503.89032	3.2672694	0.015668591	0.225	3.0	684.5494863986969
157	1071.5042	73.53366	1135.6602	951.95703	1000.0	83.98025	9.582257	114.20473	44.73275	632000	-8.702278e-09	1137.316	-0.023387453	-321.84662	3.2415562	0.016971625	0.22775	9.0	688.5941352844238
158	978.9498	78.03518	1076.3418	859.4806	1000.0	97.845345	11.389769	122.22197	34.97888	636000	-7.629395e-09	1377.5048	-0.037233796	-229.92334	3.2276409	0.014661602	0.2445	16.0	693.0654516220093
159	978.0144	108.314156	1155.4926	863.7071	1000.0	88.28368	12.8203535	120.0547	12.471011	640000	-2.5272369e-08	886.6869	-0.0321324	-97.93689	3.2349882	0.016514206	0.24725	12.0	697.2806491851807
160	1117.4326	133.69048	1293.8351	948.4105	1000.0	90.13602	11.560893	119.27214	46.667522	644000	1.502037e-08	1301.4434	-0.023455665	-289.2339	3.2052515	0.01525822	0.20575	8.0	702.2188611030579
161	1142.1012	79.12239	1257.7377	1041.6549	1000.0	103.72407	12.12186	125.514015	44.375324	648000	-2.336502e-08	1086.8182	-0.038074594	-109.56824	3.2220914	0.016341202	0.29125	17.0	706.5219767093658
162	1085.0096	52.416218	1140.3588	998.72327	1000.0	104.69172	14.434181	128.74905	-6.4638934	652000	1.525879e-08	910.39636	-0.009427418	-111.99115	3.22708	0.019538803	0.21325	3.0	710.8181262016296
163	1267.2056	167.92827	1457.0834	1031.761	1000.0	104.01559	9.744201	127.284164	51.24936	656000	-2.1100044e-08	1612.4242	-0.0170539	-288.83472	3.1977823	0.014506773	0.211	5.0	715.1914734840393
164	1035.994	119.81601	1191.321	861.7898	1000.0	112.67839	13.106595	134.36574	38.556183	660000	-1.9788741e-08	1250.2225	-0.00844915	-384.40186	3.1991074	0.015956292	0.2315	3.0	719.3597764968872
165	1174.1781	91.806725	1321.3705	1069.9637	1000.0	98.17324	11.302594	128.55951	24.529728	664000	-1.2159347e-08	1037.4069	-0.024662424	-272.75177	3.2202992	0.017797455	0.21325	9.0	723.6179330348969
166	1032.1945	138.8551	1204.3905	826.9459	1000.0	109.734085	9.923256	131.53174	47.443584	668000	-3.004074e-08	1073.054	-0.015008884	-242.40198	3.147521	0.014898962	0.21975	5.0	727.8666939735413
167	1164.1705	79.93157	1275.6052	1081.8783	1000.0	99.06539	11.502925	126.16971	37.667126	672000	2.7060509e-08	1150.5643	-0.027399959	-165.55573	3.2306561	0.014474322	0.2295	11.0	731.9826636314392
168	1220.5951	59.846493	1292.4144	1152.5604	1000.0	107.74521	12.265082	131.18878	38.37635	676000	1.7642975e-08	1116.0095	-0.02691294	-123.90881	3.1612012	0.017512828	0.236	10.0	736.4602854251862
169	1102.6475	110.285736	1257.3341	985.8089	1000.0	111.39446	11.719122	133.47559	53.021896	680000	-5.2452087e-09	1176.5165	-0.010313957	-182.02783	3.1576295	0.018164793	0.19225	3.0	740.6920330524445
170	1159.5818	86.531006	1280.8688	1076.779	1000.0	102.48525	13.056721	129.89444	36.112724	684000	1.2755394e-08	1154.2013	-0.024664	-126.52649	3.1661131	0.016856	0.225	9.0	745.4190051555634
171	1329.341	61.97922	1409.1476	1239.4004	1000.0	110.94922	11.867293	133.0316	55.318653	688000	-9.536744e-10	1662.4414	-0.022345716	-292.6709	3.1401381	0.015070905	0.20775	7.0	749.8416614532471
172	1271.0491	58.8533	1317.2311	1169.9943	1000.0	122.84646	13.624206	140.98224	65.67237	692000	1.1444092e-08	1125.7261	-0.021564007	-117.40796	3.126033	0.016646555	0.2335	9.0	754.1435611248016
173	1284.028	77.12939	1350.4204	1156.2937	1000.0	117.59519	11.706881	140.12405	60.867306	696000	3.409386e-08	950.7964	-0.06518569	-96.80054	3.1124775	0.0125402715	0.3495	79.0	758.6756286621094
174	1227.9039	167.62752	1405.7224	952.7204	1000.0	117.11361	10.504528	140.07181	66.28806	700000	3.838539e-08	1449.0402	-0.015014616	-173.17346	3.0751488	0.019141251	0.19875	4.0	762.6407799720764
175	1148.3818	90.3021	1232.4948	996.6621	1000.0	112.11111	15.110717	141.10553	45.015392	704000	-1.45435335e-08	1086.8785	-0.03533335	-150.42694	3.1053834	0.016062036	0.2635	15.0	766.8226718902588
176	1203.5005	115.25272	1332.7601	1047.1764	1000.0	107.350204	12.609298	138.15921	52.25227	708000	1.525879e-08	1164.4563	-0.034429297	-166.38916	3.0792608	0.01697348	0.2705	14.0	770.6783554553986
177	1210.789	165.4112	1433.4935	1013.9061	1000.0	113.09081	14.428213	140.77368	46.607273	712000	-4.851818e-08	1270.0942	-0.027720757	-145.27771	3.0334547	0.019038694	0.23675	11.0	775.0441427230835
178	1295.7396	82.71199	1371.6572	1169.5271	1000.0	111.33715	14.267026	141.47006	33.79008	716000	-1.5974045e-08	1456.4594	-0.027266733	-242.49829	3.0938818	0.018752193	0.225	9.0	779.1098330020905
179	1294.0266	112.31878	1488.013	1216.0013	1000.0	120.63111	14.261308	145.79774	50.341618	720000	-9.059906e-09	1247.4475	-0.050637163	-119.78357	3.0576508	0.015055521	0.28475	30.0	783.176082611084
180	1266.7129	131.61786	1407.8171	1066.2549	1000.0	118.5586	12.830478	147.01987	45.358185	724000	-5.00679e-09	1194.4104	-0.048237134	-104.466675	3.011067	0.0154988	0.2795	29.0	787.9962751865387
181	1280.2343	94.414764	1397.925	1148.22	1000.0	116.371956	11.956602	143.99101	63.29281	728000	9.298325e-09	1392.1569	-0.037078973	-186.31104	3.0083866	0.016594596	0.2265	16.0	792.1732125282288
182	1365.5006	77.67845	1477.2557	1266.7081	1000.0	119.73676	16.177742	149.13708	55.279278	732000	2.503395e-08	1542.8413	-0.028246414	-207.00513	2.921175	0.018793954	0.205	12.0	796.4249954223633
183	1407.936	195.08768	1681.3092	1151.5673	1000.0	125.97969	12.933621	151.1865	51.24727	736000	5.722046e-09	1593.0474	-0.067465805	-177.11511	2.924683	0.012160305	0.34525	79.0	800.887285232544
184	1490.8123	73.76777	1606.2155	1403.4022	1000.0	129.0719	14.710179	155.97076	61.996994	740000	-1.66893e-08	1357.1367	-0.0467476	-271.38977	2.926038	0.016012844	0.277	26.0	805.19659948349
185	1378.1896	100.25184	1524.4684	1263.571	1000.0	137.37987	11.81221	155.18498	52.98792	744000	1.1444092e-08	1590.0951	-0.0330724	-272.42932	2.8843691	0.016959697	0.23775	15.0	809.2855565547943
186	1440.9017	88.2668	1570.061	1337.3186	1000.0	127.2398	13.952543	154.71388	73.74362	748000	-1.5735626e-08	1337.4591	-0.02423473	-168.5448	2.8670406	0.01724929	0.225	9.0	813.6037697792053
187	1502.3657	166.35713	1748.22	1279.5442	1000.0	134.06831	10.550223	155.72128	66.80567	752000	6.6757204e-09	1624.1995	-0.02477089	-189.11646	2.8803217	0.01612936	0.21325	10.0	817.9484541416168
188	1373.2817	101.28664	1497.5535	1241.0615	1000.0	136.36543	16.127886	159.53432	40.853344	756000	-2.861023e-09	1180.946	-0.013756011	-203.5614	2.8771102	0.016934076	0.23125	4.0	822.13010430336
189	1590.7859	131.5621	1785.5026	1440.5759	1000.0	130.60127	11.228843	156.55002	74.74391	760000	-2.0503998e-08	2248.2036	-0.01846333	-507.20264	2.862188	0.018753612	0.27375	8.0	826.120970249176
190	1454.2139	69.64792	1548.7513	1365.9349	1000.0	145.93248	13.83586	163.79337	69.49671	764000	6.9141386e-09	1453.3602	-0.028260747	-241.8385	2.9153726	0.016642304	0.24725	12.0	830.8350045681
191	1336.406	107.11433	1496.3333	1232.8922	1000.0	132.432	15.241357	161.94691	35.49255	768000	-4.172325e-09	1655.5992	-0.025158098	-288.51172	2.8749535	0.015489136	0.1795	9.0	835.001161813736
192	1527.1417	128.66722	1704.137	1364.7505	1000.0	127.52845	15.787846	159.72844	37.662155	772000	5.2452087e-09	1951.309	-0.014460658	-335.49744	2.9121	0.01389869	0.18425	4.0	839.4005274772644
193	1350.7861	148.37894	1518.6141	1137.8688	1000.0	135.54666	15.5818615	164.35648	60.796726	776000	-1.859665e-08	1557.6648	-0.014879926	-244.16382	2.8525176	0.017713591	0.21	5.0	843.900374174118
194	1455.813	125.89353	1639.4803	1301.5048	1000.0	130.14326	17.014599	164.18185	41.570168	780000	9.059906e-09	1549.9015	-0.024960779	-188.72815	2.8809972	0.0211692	0.2555	9.0	848.073112487793
195	1453.0457	78.88288	1541.4803	1325.76	1000.0	134.27718	17.270212	164.0963	26.40945	784000	9.536744e-10	1329.3525	-0.025797162	-140.3009	2.855353	0.01993811	0.265	10.0	852.459552526474
196	1497.3997	44.20919	1559.5367	1451.9319	1000.0	137.63725	13.289942	163.15681	57.426666	788000	8.5830685e-09	1133.0121	-0.011445138	-129.43134	2.8352387	0.015278262	0.223	4.0	856.5281264781952
197	1562.0356	11.713378	1578.0339	1550.0403	1000.0	138.88147	8.20226	161.2535	94.171715	792000	1.525879e-08	1224.6212	-0.010410784	-123.97156	2.7957826	0.01347899	0.19125	4.0	860.8850445747375
198	1578.9183	104.52173	1725.9603	1475.4741	1000.0	144.45859	7.300611	163.72818	85.918564	796000	3.0994416e-09	2021.1973	-0.063036844	-248.61597	2.8189213	0.007980629	0.34575	79.0	865.8175585269928
199	1512.534	142.06923	1710.6256	1309.1381	1000.0	144.01149	14.587616	167.33188	20.999374	800000	1.8119811e-08	1359.1133	-0.031736054	-144.93579	2.7558327	0.016347233	0.23275	13.0	870.2080225944519
200	1637.357	76.612076	1753.9281	1552.8662	1000.0	141.54056	13.677018	166.26373	50.769154	804000	-2.3841857e-09	1868.9313	-0.027780127	-270.80505	2.7340815	0.01717336	0.22975	11.0	875.3610751628876
201	1535.3173	100.91967	1644.1819	1383.8846	1000.0	151.98285	11.369917	170.96758	86.8004	808000	-2.2888184e-08	1830.6661	-0.01585791	-286.56763	2.794088	0.014492241	0.212	4.0	879.6486442089081
202	1571.6626	195.86485	1772.7961	1318.0491	1000.0	141.75644	15.259082	169.8224	29.99986	812000	-3.8146974e-09	1730.1637	-0.004024299	-160.37793	2.7542286	0.023704726	0.242	2.0	883.8605439662933
203	1488.0765	34.17012	1532.2468	1442.6012	1000.0	142.66278	15.6243105	171.81805	76.055435	816000	9.894371e-09	1921.1445	-0.06568138	-210.10156	2.7486773	0.015258156	0.36275	76.0	888.7976813316345
204	1643.8519	117.58719	1796.4784	1525.1279	1000.0	142.06781	18.168291	172.49066	45.811012	820000	-1.3351441e-08	1855.0345	-0.026922861	-265.88562	2.6832595	0.01324613	0.24125	9.0	892.9809603691101
205	1634.5422	101.90159	1720.3428	1463.451	1000.0	152.67212	15.513107	175.42836	59.188534	824000	9.536743e-09	1560.8607	-0.02296945	-155.1294	2.7072327	0.01830983	0.19675	9.0	897.0538682937622
206	1663.3853	138.18991	1757.83	1424.806	1000.0	152.00421	12.820794	174.79938	75.19085	828000	2.0503998e-08	1869.5901	-0.028154602	-170.25903	2.6554034	0.015827753	0.23775	13.0	901.1834304332733
207	1700.9644	178.73962	1884.9812	1463.5588	1000.0	153.87306	16.056154	176.84282	87.45209	832000	-1.2755394e-08	2259.406	-0.029802412	-215.58618	2.740451	0.015065788	0.2335	12.0	905.228678226471
208	1636.3989	190.39578	1842.2574	1382.1432	1000.0	154.98962	19.539192	181.38196	29.00603	836000	9.536744e-10	1711.0387	-0.023362445	-220.41638	2.648078	0.019201143	0.258	9.0	909.3242652416229
209	1740.281	106.958176	1881.4849	1580.7346	1000.0	152.00262	15.593274	180.31606	61.14531	840000	3.0994416e-09	2005.0831	-0.019536883	-287.70288	2.6925693	0.018310599	0.19975	8.0	913.3793985843658
210	1594.1815	82.15995	1731.5065	1515.1265	1000.0	160.42303	12.596406	183.20502	94.91584	844000	-1.6689301e-09	1785.3599	-0.0115293935	-307.65283	2.671978	0.015596766	0.2005	3.0	918.4238929748535
211	1800.5256	57.29274	1897.4343	1752.1907	1000.0	150.66103	13.753907	179.45004	72.24072	848000	-5.6028364e-09	2173.8086	-0.019919552	-410.63806	2.6513326	0.016129753	0.22225	8.0	922.6034035682678
212	1600.0952	30.472773	1633.7728	1550.5715	1000.0	164.20956	12.7012615	183.6138	89.3425	852000	-5.7220458e-08	1833.8466	-0.06186146	-437.80005	2.6231172	0.008450804	0.33675	79.0	927.4290065765381
213	1583.4053	115.2959	1699.2516	1417.2051	1000.0	145.58945	11.742218	173.70682	96.412384	856000	2.9683113e-08	1831.9327	-0.05093445	-222.41418	2.5878549	0.01478383	0.27975	39.0	931.7723457813263
214	1671.3352	49.66928	1745.9374	1622.7852	1000.0	151.21301	17.302074	181.71	49.145786	860000	1.7881394e-08	2094.7815	-0.025107801	-209.23279	2.5662014	0.017324695	0.24475	10.0	935.9022679328918
215	1609.3204	133.7382	1782.5162	1442.9325	1000.0	151.4273	20.014439	185.34973	53.596386	864000	2.336502e-08	1610.5282	-0.02743559	-223.96191	2.5880022	0.016662102	0.22625	10.0	940.2776892185211
216	1565.4886	64.575935	1628.7954	1462.3646	1000.0	150.14957	15.251176	179.75092	42.716328	868000	3.695488e-08	1362.9225	-0.04859013	-204.4237	2.563456	0.015408863	0.28	32.0	944.6634123325348
217	1653.6605	125.7356	1783.0569	1494.9138	1000.0	143.90845	11.504809	173.65248	74.76315	872000	1.7881393e-09	1958.4205	-0.010768187	-267.88	2.510625	0.018786894	0.2405	3.0	948.6653916835785
218	1822.9257	116.72446	1966.7007	1645.2667	1000.0	155.44234	14.149512	182.9565	68.98256	876000	9.775162e-09	2120.686	-0.021582685	-361.72705	2.4991562	0.017968476	0.23625	9.0	952.893221616745
219	1608.4135	109.4926	1768.9633	1473.1124	1000.0	166.31184	14.110211	187.58084	95.71773	880000	3.0755995e-08	1981.997	-0.033200976	-468.42078	2.5390556	0.015910536	0.24375	16.0	956.9444680213928
220	1534.1145	271.8991	1777.6506	1075.2461	1000.0	136.81604	43.89185	181.72525	-61.89473	884000	-7.152557e-09	2094.3674	-0.031971913	-441.9442	2.4693701	0.01779401	0.27925	12.0	961.759928226471
221	1677.1565	119.61576	1820.1385	1555.5286	1000.0	156.65446	14.586376	184.34386	68.32383	888000	2.3841858e-08	1709.59	-0.05969911	-147.71033	2.5232959	0.013647802	0.34625	79.0	966.5427625179291
222	1675.9004	84.60495	1821.9688	1619.4862	1000.0	155.28107	17.5015	185.18462	49.59597	892000	-3.0994416e-09	2130.024	-0.030615224	-282.49634	2.4199126	0.015567596	0.2565	12.0	970.9269924163818
223	1661.1743	103.679375	1816.3381	1526.312	1000.0	157.24179	20.377197	189.34496	63.572575	896000	1.9073487e-09	1517.765	-0.010527897	-248.42407	2.487888	0.015888957	0.211	3.0	975.2257497310638
224	1735.5051	188.62057	1925.6945	1442.2716	1000.0	155.02934	13.082336	186.00058	96.14262	900000	-1.835823e-08	2062.5186	-0.0201945	-270.09558	2.5149033	0.017250568	0.22975	8.0	979.3885729312897
225	1685.3539	126.955864	1856.5918	1509.7808	1000.0	159.74916	16.196222	188.2351	54.5931	904000	-9.298325e-09	1829.9828	-0.0347631	-227.74316	2.4415905	0.015358235	0.2545	16.0	983.87775349617
226	1818.0835	83.53977	1957.4126	1752.5306	1000.0	157.15843	13.248242	186.88635	96.68224	908000	5.1021576e-08	1845.0792	-0.027641354	-240.28943	2.445057	0.01651025	0.27775	11.0	988.2291753292084
227	1696.6035	101.01563	1818.7817	1547.6228	1000.0	165.88615	12.287561	190.10442	87.06444	912000	1.5735626e-08	2042.9967	-0.010377673	-292.45996	2.3806903	0.013769612	0.162	3.0	992.6041102409363
228	1775.5256	117.18514	1954.6924	1636.2523	1000.0	159.41621	16.94844	188.70027	42.030422	916000	2.861023e-09	1904.0923	-0.0123458095	-190.33374	2.416837	0.013728664	0.2185	4.0	996.8224892616272
229	1812.2026	168.69327	1956.11	1529.467	1000.0	165.24335	13.116801	189.12209	103.482346	920000	6.6757204e-09	2282.0537	-0.016363211	-223.7024	2.4038472	0.015263023	0.21425	5.0	1000.9857387542725
230	1814.8627	33.16084	1850.2104	1762.4883	1000.0	164.13484	17.40158	192.94632	48.195522	924000	1.4066696e-08	2059.4207	-0.011283707	-234.70557	2.4816191	0.016578738	0.2135	3.0	1006.0633747577667
231	1847.2295	180.08754	2017.3525	1583.8597	1000.0	167.20406	17.971704	196.46617	37.370388	928000	-2.4318695e-08	2077.3975	-0.01899363	-200.09839	2.418271	0.018328525	0.20925	7.0	1010.1375360488892
232	1636.9745	107.53546	1745.413	1501.4849	1000.0	166.60538	14.347408	196.963	106.043045	932000	-1.3828277e-08	2057.5776	-0.010160695	-404.26978	2.47886	0.013206524	0.192	3.0	1014.273681640625
233	1697.9575	167.19676	1874.5361	1505.1635	1000.0	152.5633	15.901199	190.33543	66.04909	936000	3.7789345e-08	1981.5093	-0.013828637	-196.4347	2.396598	0.014606627	0.2035	5.0	1018.4843926429749
234	1665.9558	161.89076	1922.3435	1479.2802	1000.0	154.0148	14.892124	194.80293	78.61989	940000	3.8146974e-09	1803.2882	-0.020169746	-157.07654	2.4225016	0.020017361	0.2375	7.0	1022.5646841526031
235	1736.2128	57.14797	1806.1986	1648.4956	1000.0	154.16072	13.957929	191.91933	53.134487	944000	-2.3841857e-09	1674.2118	-0.064180434	-190.90405	2.3998082	0.011261221	0.35575	79.0	1027.1370391845703
236	1777.7528	154.5522	1976.5923	1587.7284	1000.0	161.59969	12.190848	190.9937	110.52765	948000	-7.1525574e-10	2002.7922	-0.028195603	-177.23743	2.3899944	0.017367309	0.27875	10.0	1031.3230443000793
237	1860.5747	107.50277	1957.458	1693.0629	1000.0	164.68471	14.063172	196.7213	87.47128	952000	-1.2159347e-08	1914.5905	-0.025175659	-227.5492	2.3735127	0.018453903	0.211	10.0	1035.5182359218597
238	1775.5604	121.75756	1949.1783	1604.8287	1000.0	170.64235	10.42767	197.79036	116.65862	956000	-1.692772e-08	1735.1262	-0.024575455	-172.8905	2.385389	0.017096445	0.23025	10.0	1039.519644498825
239	1809.1558	41.467915	1860.6129	1744.8242	1000.0	165.97362	13.285933	196.36562	75.13034	960000	1.6212464e-08	2241.694	-0.02926	-239.99121	2.3719332	0.01715234	0.2505	13.0	1043.9791314601898
240	1709.7565	156.03185	1856.3396	1451.1268	1000.0	162.41481	16.730455	199.2285	94.1225	964000	-1.5497207e-08	1963.9323	-0.022630967	-259.14917	2.3196354	0.02002826	0.2575	7.0	1049.1712214946747
241	1780.3116	21.44995	1808.0349	1748.5406	1000.0	158.94147	19.820477	200.52792	77.59847	968000	1.502037e-08	2155.8103	-0.0328188	-257.213	2.3374221	0.016495613	0.26925	13.0	1053.0462737083435
242	1785.6674	98.878624	1905.9574	1688.0071	1000.0	164.8747	16.076841	201.20094	98.304924	972000	2.384186e-10	2066.3538	-0.06422468	-222.11548	2.314126	0.009994256	0.348	79.0	1057.8537538051605
243	1730.5342	60.802567	1828.5872	1664.0529	1000.0	162.67825	16.66006	197.73659	62.848103	976000	2.5272369e-08	1538.4666	-0.028116625	-258.15955	2.249983	0.016995633	0.2285	11.0	1062.1390671730042
244	1821.0582	81.084435	1939.1053	1712.4308	1000.0	160.21678	9.8708725	185.79933	80.98187	980000	3.5762787e-10	2141.8328	-0.036164284	-322.8723	2.2602735	0.016311938	0.2915	18.0	1066.2932336330414
245	1878.6901	87.94511	2021.4717	1785.8241	1000.0	170.70018	14.538806	200.80244	97.11148	984000	-9.059906e-09	2266.8135	-0.029267028	-208.8999	2.2387261	0.017563453	0.27575	11.0	1070.6046504974365
246	1842.7891	115.33235	1960.679	1718.9194	1000.0	173.59073	15.136167	205.79564	109.90638	988000	2.193451e-08	1969.797	-0.028602328	-172.48792	2.2365746	0.01626037	0.2665	11.0	1075.0734810829163
247	1926.7239	102.776505	2047.5203	1788.2502	1000.0	173.02325	14.396347	205.55809	79.37218	992000	-1.7404556e-08	1902.6787	-0.026281625	-176.6842	2.2196248	0.015070986	0.2455	9.0	1079.3135831356049
248	1777.8938	171.91368	2064.6157	1610.0249	1000.0	176.11467	12.11073	205.36821	100.82128	996000	2.8610229e-08	2014.4084	-0.023926023	-339.06226	2.18903	0.018803261	0.3005	10.0	1083.4874415397644
249	1985.4976	72.94804	2104.9697	1919.119	1000.0	167.41878	13.332766	198.23663	81.8627	1000000	6.6757204e-09	2462.7205	-0.026806396	-475.9165	2.1902177	0.018151684	0.243	11.0	1088.5618779659271
