Time AverageEpRet StdEpRet MaxEpRet MinEpRet	 EpLen meanHE SDHE SDLP SDspeed	TotalEnvInteracts	LossPi	LossV	DeltaLossPi	DeltaLossV	Entropy	KL	ClipFrac	StopIter	Miles
0	-511.62775	84.539696	-427.62473	-651.3528	1000.0	-0.004301861	0.67693806	1.7030177	-1.7387494	4000	3.2067298e-08	2364.1062	-0.020863779	-892.2085	5.4874845	0.015609034	0.20225	3.0	5.1290106773376465
1	-656.43176	299.84836	-469.3342	-1175.0771	1000.0	-10.355877	3.8925421	5.3252597	-14.134925	8000	-3.8504602e-08	3991.6284	-0.017867183	-1126.199	5.463125	0.015622897	0.1965	5.0	9.327162981033325
2	-563.9348	131.07791	-444.40097	-785.37866	1000.0	-21.55894	1.4746044	10.83159	-21.943403	12000	3.015995e-08	1561.9641	-0.077082045	-294.4751	5.4966917	0.012236851	0.369	79.0	13.851498365402222
3	-501.2484	79.50218	-389.60425	-613.1478	1000.0	-26.895536	0.5845897	-13.604863	-26.980373	16000	2.9444694e-08	616.9845	-0.015230315	-98.2666	5.4506145	0.021189464	0.25475	4.0	18.136001110076904
4	-481.65546	123.39334	-353.18008	-683.7324	1000.0	-29.964306	1.239766	-2.3784285	-30.201626	20000	-1.2278557e-08	543.4184	-0.015279083	-64.1759	5.450716	0.017552601	0.25675	5.0	22.56613302230835
5	-500.54633	53.706417	-446.15338	-586.3645	1000.0	-32.640408	1.2928079	6.2976656	-32.865807	24000	-2.1338463e-08	569.9476	-0.04703749	-46.09027	5.41273	0.015922662	0.23475	23.0	26.923377990722656
6	-436.39844	27.557173	-408.0741	-476.8316	1000.0	-34.909897	1.6098694	12.1293	-35.1058	28000	2.7060509e-08	231.38985	-0.015644629	-8.014572	5.423118	0.023343392	0.23575	5.0	31.13333010673523
7	-485.52878	143.47365	-353.9347	-724.1547	1000.0	-35.966743	0.4050401	-24.211863	-36.064556	32000	-1.7285346e-08	595.4171	-0.013838311	-23.60315	5.4251738	0.019613568	0.29325	5.0	35.271974325180054
8	-399.15295	69.36568	-286.90414	-460.542	1000.0	-37.69976	0.59406817	-19.204866	-37.781734	36000	-1.2993812e-08	223.35828	-0.045559846	-4.2256165	5.444155	0.016005866	0.2445	21.0	39.37773513793945
9	-627.2913	173.85515	-495.975	-926.2057	1000.0	-37.148945	0.67569417	-22.661036	-37.31703	40000	2.2649765e-08	1727.291	-0.049341414	-161.7898	5.4061875	0.01525638	0.236	21.0	43.51547336578369
10	-517.6188	112.77937	-377.42227	-668.91547	1000.0	-42.01152	0.6655048	-19.202484	-42.106228	44000	-2.0921231e-08	562.3662	-0.04233543	-16.726562	5.4053154	0.015543667	0.2225	17.0	48.21103239059448
11	-482.89294	183.88788	-371.2852	-801.2752	1000.0	-43.90083	0.08496152	-42.061077	-43.92092	48000	7.7486035e-09	698.0595	-0.015793802	-0.24914551	5.387427	0.021722157	0.26275	5.0	52.53960704803467
12	-456.88257	99.61444	-349.55264	-618.3463	1000.0	-44.11461	0.0887762	-42.241974	-44.13292	52000	-9.179115e-09	509.96045	-0.040479586	-12.478912	5.2980986	0.016193846	0.22625	19.0	56.643492698669434
13	-494.1184	97.756485	-388.1918	-651.0509	1000.0	-42.648872	0.06346071	-40.565865	-42.66214	56000	3.4570693e-09	539.44135	-0.014313521	-1.0385742	5.358915	0.01978329	0.24	5.0	60.93763041496277
14	-413.24414	74.427734	-316.92215	-505.68146	1000.0	-43.009563	0.028849995	-42.461914	-43.01524	60000	-1.1920929e-08	460.47763	-0.016834	-26.055695	5.3091326	0.01899247	0.229	6.0	65.0342390537262
15	-374.65033	77.903656	-293.53073	-499.75336	1000.0	-40.76367	0.09169496	-37.40681	-40.775944	64000	1.0848045e-08	302.07236	-0.01891186	-32.048706	5.3647346	0.014973971	0.282	7.0	69.36129546165466
16	-387.02533	89.7882	-292.70877	-531.80597	1000.0	-38.064507	0.3772564	-27.657356	-38.104458	68000	-4.768372e-10	257.30762	-0.01893782	-12.398895	5.327864	0.016240876	0.22125	8.0	73.41449046134949
17	-349.59106	105.094376	-230.78215	-518.8177	1000.0	-36.534283	2.1469913	33.37632	-36.71776	72000	-4.482269e-08	362.47513	-0.017127847	-27.691193	5.28164	0.018322868	0.27575	6.0	77.69598746299744
18	-342.65057	77.73484	-272.11176	-465.33124	1000.0	-34.220314	1.1283149	13.899771	-34.308495	76000	-2.2172928e-08	221.64598	-0.0124610085	-13.658203	5.324658	0.020041225	0.26125	5.0	81.93536853790283
19	-376.37256	126.336205	-284.3646	-594.0754	1000.0	-32.59768	0.07706262	-30.583303	-32.613895	80000	1.3530254e-08	483.29156	-0.06997192	-1.677948	5.280386	0.015371123	0.34875	65.0	86.50620770454407
20	-508.59186	229.47878	-256.59323	-863.77936	1000.0	-33.117397	0.28463215	-19.629032	-33.151	84000	-3.182888e-08	952.74725	-0.017375944	-129.565	5.29559	0.015957022	0.22675	6.0	91.44170808792114
21	-261.29785	27.455645	-233.13316	-304.69647	1000.0	-38.759678	0.63360757	-10.780567	-38.808643	88000	9.417534e-09	407.14087	-0.01813544	-209.01346	5.324915	0.015224952	0.18075	7.0	95.56399011611938
22	-406.1776	196.78616	-210.95377	-724.8429	1000.0	-26.181597	7.2202916	14.853976	-34.385056	92000	-1.3828277e-08	752.937	-0.048505187	-259.58884	5.2936053	0.017122054	0.25825	23.0	99.82780265808105
23	-310.039	72.379875	-242.00273	-431.77518	1000.0	-30.971703	5.5827155	-2.783552	-36.06953	96000	-2.169609e-08	208.24747	-0.014221248	-65.74176	5.2895656	0.017776016	0.21775	5.0	103.97909092903137
24	-394.59705	105.61648	-267.62436	-539.96796	1000.0	-27.914125	6.779573	-0.24476516	-36.085224	100000	2.3126603e-08	514.42676	-0.05640731	-76.84482	5.264536	0.015271122	0.28675	28.0	108.20750308036804
25	-265.14777	75.7183	-197.75745	-381.59937	1000.0	-26.312298	7.9707613	18.32018	-39.36825	104000	-3.039837e-08	225.20924	-0.016763624	-44.16089	5.2781653	0.015781628	0.2455	6.0	112.31652235984802
26	-361.76096	114.53602	-266.21567	-557.5237	1000.0	-26.557734	7.7718463	20.320864	-39.000065	108000	3.242493e-08	481.09918	-0.018228834	-71.27585	5.2183576	0.0145869935	0.2355	6.0	116.57576942443848
27	-255.39514	24.249119	-230.03003	-295.19714	1000.0	-22.979286	7.1804147	9.954651	-40.831665	112000	1.1444092e-08	159.82013	-0.020977788	-54.117813	5.258298	0.01593716	0.2395	8.0	120.93290185928345
28	-329.74255	70.75797	-241.29997	-400.0348	1000.0	-25.936394	7.7096353	13.716548	-40.56606	116000	-1.859665e-08	290.40112	-0.016997064	-88.263885	5.1910696	0.016561538	0.2425	6.0	125.38783812522888
29	-288.11176	123.19953	-201.63019	-498.8088	1000.0	-24.892935	8.136911	15.429982	-41.03067	120000	4.4107438e-09	211.23634	-0.017600736	-26.212128	5.2595053	0.018141536	0.254	6.0	129.56985592842102
30	-301.5092	40.10515	-258.63464	-360.01462	1000.0	-25.069338	6.6970406	9.843102	-42.036133	124000	-1.1205673e-08	150.17055	-0.015805282	-19.263962	5.192446	0.017060935	0.18075	6.0	134.1084587574005
31	-263.31082	46.503067	-203.53227	-334.1012	1000.0	-25.604816	5.198481	2.3216295	-42.221577	128000	-3.5762786e-09	135.26254	-0.014358076	-24.088669	5.217501	0.018769916	0.24175	5.0	138.236590385437
32	-224.1356	104.01504	-137.13397	-398.61526	1000.0	-23.248264	5.587292	18.668896	-42.058956	132000	8.106232e-09	172.29872	-0.013159328	-37.369278	5.213878	0.017181145	0.21075	5.0	142.20442271232605
33	-235.84377	77.55356	-176.11217	-366.5688	1000.0	-21.74413	8.123181	15.772031	-41.932217	136000	1.1444092e-08	140.87714	-0.04967872	-28.30278	5.1548114	0.015659893	0.2515	26.0	146.67237448692322
34	-266.23138	111.685936	-171.57141	-452.34195	1000.0	-21.13932	8.233984	12.977151	-41.754578	140000	-1.4781952e-08	334.78088	-0.04686127	-71.06381	5.1451974	0.015797619	0.23825	24.0	151.12022924423218
35	-246.1088	54.18502	-159.96864	-309.94244	1000.0	-18.051641	9.960636	1.2427788	-43.21707	144000	6.198883e-09	148.55406	-0.017723085	-43.13408	5.1882305	0.015936224	0.19275	6.0	155.49529147148132
36	-265.86737	139.2384	-174.0168	-506.48004	1000.0	-23.003418	8.289866	-2.5340679	-43.401363	148000	-3.194809e-08	255.65959	-0.017491054	-51.603348	5.0895224	0.016581858	0.2195	6.0	159.43172025680542
37	-241.94534	92.09852	-155.53848	-392.4329	1000.0	-21.403563	11.252115	17.712862	-44.270874	152000	1.34706495e-08	175.70906	-0.018468024	-35.631638	5.111703	0.020989731	0.2805	6.0	163.44143152236938
38	-160.85056	66.07137	-56.191418	-234.63225	1000.0	-17.670425	8.633048	8.78773	-44.31347	156000	1.013279e-08	117.00149	-0.009838684	-36.67598	5.0592794	0.017749269	0.23225	4.0	167.631520986557
39	-137.12152	79.14591	-55.037663	-248.00426	1000.0	-13.671816	7.021626	13.632505	-43.68837	160000	-4.768372e-10	198.89099	-0.014569924	-68.12369	5.052402	0.019229122	0.2535	5.0	171.63437032699585
40	-191.08788	47.49652	-133.52132	-243.28754	1000.0	-13.311377	7.488111	27.647202	-43.598423	164000	-9.059906e-09	173.8055	-0.040772106	-47.629562	5.116871	0.015823726	0.2085	19.0	176.33206486701965
41	-229.68625	101.804924	-138.90486	-402.455	1000.0	-16.556517	8.321952	28.008217	-43.367996	168000	-8.940697e-09	349.50775	-0.051961098	-81.217926	5.091326	0.015294979	0.25525	28.0	180.48658967018127
42	-150.91925	76.383415	-66.75122	-262.42337	1000.0	-17.4628	8.619785	24.63978	-44.405212	172000	2.5510788e-08	151.87305	-0.053769004	-50.120903	5.08905	0.015580467	0.2725	30.0	184.82731461524963
43	-97.86595	79.68022	-1.3604053	-215.25665	1000.0	-13.673246	10.407545	19.631317	-44.096737	176000	0.0	199.51878	-0.018197212	-88.4604	5.0174875	0.016829485	0.24125	7.0	189.04934978485107
44	-136.99414	50.440105	-79.759346	-200.03456	1000.0	-6.0500655	6.7731442	9.827536	-41.778927	180000	-1.001358e-08	146.42395	-0.014059682	-48.673637	5.003878	0.01555859	0.18	5.0	193.21977162361145
45	-126.350716	42.25533	-94.34074	-198.45822	1000.0	-11.4622345	6.771518	9.960048	-41.90425	184000	-2.169609e-08	112.302124	-0.040979713	-21.668434	5.046015	0.016209053	0.18475	19.0	197.69961714744568
46	-144.54431	65.47248	-75.41329	-244.02164	1000.0	-9.553293	7.327147	6.7793937	-42.308678	188000	1.2397766e-08	157.92004	-0.043452412	-48.709435	5.00063	0.01511648	0.21325	20.0	201.98079752922058
47	-183.62384	115.773445	-31.644936	-356.79672	1000.0	-16.325384	10.036613	16.699514	-43.502037	192000	-2.0980835e-08	402.8535	-0.017997835	-151.17448	4.9416347	0.01639928	0.21675	6.0	205.94372463226318
48	-192.35376	75.78223	-72.75567	-266.77975	1000.0	-8.0568905	14.30468	13.0529585	-44.339943	196000	1.3649464e-08	223.93356	-0.0252254	-102.71365	4.961955	0.0146320015	0.14725	11.0	210.44002676010132
49	-110.45279	69.34134	-24.913858	-210.59734	1000.0	-15.069358	10.550733	36.48973	-44.854515	200000	4.529953e-09	238.406	-0.018850785	-101.03497	4.974924	0.016150644	0.18825	7.0	214.677796125412
50	-193.17496	124.32777	-112.42354	-408.3007	1000.0	-11.299119	10.184473	21.736937	-43.805603	204000	2.7656554e-08	247.51141	-0.044613596	-118.99626	4.9040003	0.016141085	0.23875	21.0	219.62019324302673
51	-233.85901	171.53561	-71.24879	-522.0224	1000.0	-19.554504	15.235794	24.882729	-44.858368	208000	3.0994414e-08	287.92154	-0.042529367	-66.67441	4.877104	0.01588805	0.23475	18.0	223.89503955841064
52	-166.54149	73.87645	-70.44526	-277.79926	1000.0	-14.955265	13.431067	8.621814	-47.066257	212000	1.4305114e-08	216.81279	-0.042931013	-71.00792	4.823537	0.015806772	0.234	20.0	228.18426513671875
53	-245.82	104.451416	-80.06631	-342.67758	1000.0	-22.2306	15.313831	3.1168392	-46.96625	216000	1.3113022e-08	241.10606	-0.049560197	-53.902145	4.8011327	0.016362257	0.25175	25.0	232.68437886238098
54	-128.53375	84.00332	-10.840085	-229.45456	1000.0	-10.950508	14.734278	4.4461365	-47.078148	220000	-2.7179718e-08	208.25676	-0.042256624	-57.120453	4.8329024	0.016249545	0.21275	18.0	236.88534688949585
55	-89.371506	91.439	-28.479176	-247.3914	1000.0	-7.1862965	9.444428	18.465464	-47.01851	224000	-1.3232231e-08	173.81749	-0.047767982	-34.12921	4.7494154	0.016384676	0.2495	23.0	241.1163260936737
56	-74.937546	50.77414	-29.925085	-160.17792	1000.0	-7.4482665	11.655427	26.86391	-46.963528	228000	2.3841857e-09	191.70396	-0.041277196	-101.066765	4.736324	0.016271016	0.22525	18.0	245.63551831245422
57	-92.76255	113.20051	3.03107	-285.21454	1000.0	-4.3209376	11.5768175	15.525213	-45.490673	232000	4.1723253e-10	356.40433	-0.014981578	-156.55998	4.761399	0.018017158	0.19075	5.0	249.88641119003296
58	-61.85195	99.69922	36.13892	-210.97609	1000.0	-8.355542	12.425649	25.11849	-47.630802	236000	-1.692772e-08	259.46692	-0.04611078	-60.52054	4.735587	0.01601001	0.2285	24.0	254.38997840881348
59	-127.01013	184.95439	36.18453	-440.36273	1000.0	-10.121427	15.979036	27.78767	-47.817963	240000	-2.9563903e-08	226.03534	-0.04196563	-66.012985	4.700474	0.015982931	0.217	18.0	258.8578643798828
60	-29.449287	54.7701	39.089455	-94.335846	1000.0	-2.5777688	10.268352	21.050447	-48.72425	244000	-6.198883e-09	117.24948	-0.014420334	-53.51216	4.7245216	0.017149031	0.216	5.0	263.39954137802124
61	-116.691	88.59188	18.026608	-230.72131	1000.0	-6.0002894	9.388002	16.854883	-46.024574	248000	8.5830685e-09	214.47424	-0.014807559	-97.305725	4.7008924	0.015146696	0.2085	6.0	267.89305424690247
62	-82.20316	74.57405	-16.99375	-204.91023	1000.0	-9.133021	14.292041	11.149711	-47.744034	252000	-1.7642975e-08	238.69162	-0.04043068	-55.9989	4.6959677	0.016166698	0.2075	17.0	272.3921377658844
63	-79.40593	54.798836	-11.395715	-158.4892	1000.0	-4.021838	12.766397	11.301834	-47.601387	256000	-4.7683715e-09	153.08704	-0.020089066	-37.35589	4.7003865	0.015181585	0.24425	6.0	276.6984338760376
64	-41.354637	68.32668	72.426765	-109.58892	1000.0	-5.372988	9.747977	16.537613	-46.196854	260000	-1.1920929e-09	194.60312	-0.03847671	-41.366272	4.710269	0.016202075	0.196	17.0	281.14056396484375
65	-105.962204	190.61244	130.13118	-399.3546	1000.0	-5.1435003	9.94679	21.001036	-45.24575	264000	-2.3841857e-09	583.4789	-0.02538938	-239.05164	4.623011	0.014957985	0.1865	9.0	285.4561359882355
66	-63.168633	107.69546	68.62521	-228.55782	1000.0	-4.132704	19.318151	48.091045	-50.398617	268000	2.384186e-10	337.60004	-0.015474734	-124.92377	4.5852103	0.018111538	0.21325	5.0	289.74697256088257
67	-8.348576	50.89158	69.00167	-67.380554	1000.0	0.36468926	10.543421	35.483765	-48.802135	272000	-3.8146974e-09	138.01503	-0.012140075	-52.18061	4.609622	0.019326225	0.24925	5.0	294.33864307403564
68	16.743618	34.78261	55.194427	-23.945845	1000.0	1.7321268	5.41533	24.225004	-37.23795	276000	-4.768372e-10	102.11858	-0.013673613	-15.334534	4.564913	0.018541567	0.2025	5.0	298.33692169189453
69	43.97982	41.050632	113.77588	10.562041	1000.0	1.6035732	6.4817047	39.980946	-44.066563	280000	-1.3351441e-08	160.33743	-0.029361883	-41.052063	4.6164465	0.01661714	0.208	11.0	302.95082426071167
70	103.814026	55.32041	164.64378	32.152195	1000.0	5.5520477	4.819246	28.529348	-33.45415	284000	7.629395e-09	157.9086	-0.015584131	-49.095963	4.543362	0.016790451	0.225	5.0	307.67693161964417
71	-20.270452	133.39113	141.75697	-216.60109	1000.0	7.8164153	9.6331835	32.622967	-41.91118	288000	-2.026558e-08	483.83075	-0.049078554	-225.3114	4.5553775	0.015749596	0.26725	26.0	311.97396087646484
72	-29.17948	68.242744	53.785797	-98.2431	1000.0	-0.84783816	15.380151	23.398428	-48.512478	292000	-7.629395e-09	150.51569	-0.014356436	-37.739296	4.5176973	0.020819807	0.25575	5.0	316.337210893631
73	-5.1041145	126.88791	133.857	-158.54155	1000.0	-1.0236286	15.229118	16.138988	-46.31251	296000	8.106232e-09	290.3534	-0.015751312	-81.47699	4.459793	0.017216403	0.22175	6.0	320.4841914176941
74	133.76422	19.579073	167.21318	117.791855	1000.0	5.9601192	5.5687604	23.05415	-43.638474	300000	1.7255545e-08	165.74327	-0.015071097	-69.582985	4.4855947	0.014079868	0.201	5.0	324.84673738479614
75	120.38123	20.451414	143.49167	97.45861	1000.0	9.80891	6.039413	45.045204	-41.775894	304000	9.298325e-09	90.64611	-0.018504877	-26.167519	4.500742	0.020022528	0.23025	6.0	329.0712962150574
76	45.090355	50.6191	124.05074	-16.553432	1000.0	8.897939	6.533302	34.079212	-39.961994	308000	1.859665e-08	156.98347	-0.03433385	-64.174866	4.4786944	0.016686141	0.1995	15.0	333.5899188518524
77	86.22172	47.406254	142.76231	12.84845	1000.0	7.1579795	5.8962684	39.73483	-46.125042	312000	2.503395e-09	128.16206	-0.049817	-30.338783	4.467756	0.015854953	0.278	24.0	337.5687689781189
78	141.88834	16.247816	157.44	116.83723	1000.0	8.652722	4.8454585	33.27632	-37.9725	316000	1.525879e-08	138.91403	-0.014706142	-50.823326	4.4529915	0.019676628	0.23075	5.0	341.5381498336792
79	121.02374	49.80034	179.12495	42.092964	1000.0	12.736624	4.332943	39.53914	-23.979557	320000	-1.1205673e-08	100.70226	-0.040152647	-20.519318	4.432425	0.015077381	0.20775	17.0	345.428423166275
80	60.88803	109.61698	154.82727	-116.84297	1000.0	9.672432	7.6344433	42.37682	-41.485565	324000	4.1246413e-08	345.03357	-0.0665363	-202.08635	4.45501	0.015135891	0.346	55.0	350.5596261024475
81	147.25839	65.27875	228.5796	46.098286	1000.0	8.587864	8.220774	25.375154	-44.593594	328000	2.6702882e-08	132.7477	-0.043986958	-50.61666	4.3888264	0.016029058	0.21625	20.0	354.9592773914337
82	40.762817	140.15163	180.38852	-169.85852	1000.0	8.033379	11.02665	28.237646	-39.633083	332000	-2.1219254e-08	414.732	-0.041971963	-135.72318	4.3565564	0.016045077	0.20175	15.0	359.45562958717346
83	211.47615	39.645473	273.50983	170.17511	1000.0	15.485466	8.144844	21.992554	-36.217377	336000	2.503395e-09	224.69464	-0.019335104	-133.84604	4.312593	0.019947555	0.22725	5.0	363.7250266075134
84	73.96949	73.40913	165.709	-38.229458	1000.0	14.220873	11.563978	49.8075	-49.01113	340000	-4.2915342e-09	319.6671	-0.059631	-122.03642	4.303338	0.015138148	0.325	37.0	367.9936501979828
85	126.07512	64.45997	218.37976	37.12088	1000.0	11.149213	6.7009187	32.57097	-37.76363	344000	1.692772e-08	159.58731	-0.017001828	-32.415657	4.286356	0.015071862	0.21725	5.0	372.4647264480591
86	117.990875	22.0434	150.32436	89.816315	1000.0	10.208736	7.6313257	36.25639	-44.919636	348000	-9.536744e-10	175.16191	-0.06362256	-50.432564	4.186944	0.015049858	0.3055	50.0	377.101229429245
87	139.48517	38.630333	205.66048	111.05664	1000.0	12.951178	8.248018	25.864601	-32.3155	352000	4.768372e-10	160.82875	-0.054153107	-49.960144	4.219614	0.015394656	0.2795	28.0	381.9784860610962
88	146.94565	45.547665	199.9216	82.72669	1000.0	16.346237	11.089075	24.809605	-40.284874	356000	5.722046e-09	196.91856	-0.04484216	-66.46884	4.189164	0.015586008	0.23275	19.0	386.0751950740814
89	220.03906	27.19324	253.85466	192.82712	1000.0	12.668818	7.6202774	37.941048	-36.452198	360000	8.5830685e-09	234.65234	-0.04467314	-121.91438	4.118057	0.016761223	0.253	18.0	390.43373560905457
90	215.49562	162.08958	384.3315	43.095016	1000.0	18.515028	10.538809	47.331074	-40.36175	364000	3.5881996e-08	504.2921	-0.021509359	-231.2912	4.132837	0.016765026	0.25575	7.0	395.30183720588684
91	171.10431	68.30203	253.80801	63.827366	1000.0	18.944315	17.757347	57.693375	-57.81572	368000	-2.6226044e-08	238.85973	-0.016306045	-105.50998	4.087517	0.015915675	0.21125	6.0	399.6708359718323
92	241.92885	62.757023	305.42273	137.59471	1000.0	18.992584	9.337427	51.588566	-38.29558	372000	1.1205673e-08	246.59134	-0.046881903	-117.198944	4.112915	0.015791157	0.2485	22.0	403.861852645874
93	177.51799	101.82355	272.82986	17.91289	1000.0	19.576052	8.166535	48.349464	-35.29995	376000	-7.152557e-09	317.42276	-0.015867108	-112.98335	4.056233	0.017870415	0.2285	5.0	408.30772590637207
94	142.90482	112.34456	298.27786	-19.22362	1000.0	13.8688345	14.314407	40.20556	-44.89434	380000	-2.7418137e-08	318.23676	-0.0153169	-82.21236	4.0431714	0.018826073	0.17425	5.0	412.5722095966339
95	222.75507	57.53205	285.67795	156.6433	1000.0	19.614927	8.988757	32.62065	-49.10983	384000	-3.170967e-08	153.56908	-0.023400767	-53.60956	4.025318	0.015088126	0.22375	9.0	416.992063999176
96	269.25952	24.975977	311.23297	246.6483	1000.0	21.638863	3.338052	41.611645	-11.388336	388000	1.8119811e-08	107.40677	-0.038458645	-25.137573	4.007634	0.01679945	0.21625	16.0	421.2637026309967
97	214.26767	112.25596	346.2878	81.5715	1000.0	22.295437	8.493026	48.14662	-43.429863	392000	1.4781952e-08	273.61343	-0.051826317	-81.05464	4.0400763	0.015712332	0.2895	27.0	425.69551062583923
98	186.27664	55.693604	257.54932	131.78978	1000.0	19.402586	9.283714	30.388016	-31.390762	396000	-5.4836273e-09	240.29672	-0.018144758	-45.883972	3.977788	0.014659534	0.22325	6.0	429.73454666137695
99	189.54753	95.752625	303.86523	63.569744	1000.0	15.630912	11.057791	30.380102	-37.170547	400000	4.2915342e-09	365.37204	-0.02016402	-104.845184	3.932803	0.018141929	0.22475	6.0	434.077787399292
100	315.61768	83.660065	452.12747	224.71822	1000.0	20.021301	12.395535	53.395714	-40.768448	404000	6.198883e-09	412.15012	-0.043601923	-151.94894	3.9660866	0.01671165	0.2395	20.0	438.6483962535858
101	269.1772	36.08904	314.2951	214.31459	1000.0	24.588226	6.701309	57.755566	-26.161327	408000	-3.8146974e-09	117.3775	-0.03669138	-19.380455	3.9248736	0.01606501	0.229	14.0	443.12592029571533
102	164.29883	46.010307	224.01341	97.02325	1000.0	22.92073	8.629719	49.630116	-34.27914	412000	-2.8610229e-08	427.078	-0.053728096	-210.16176	3.9634707	0.015738599	0.29975	28.0	447.43570828437805
103	315.48254	71.37097	420.69293	231.14871	1000.0	18.57325	8.577861	32.28643	-32.813393	416000	-3.528595e-08	410.8286	-0.035464596	-209.17781	3.9041612	0.015918002	0.2	13.0	451.24065494537354
104	292.65256	34.49387	337.24118	253.89015	1000.0	27.493343	10.527104	50.74278	-41.68034	420000	3.8146974e-09	193.66147	-0.018834826	-31.534805	3.8647325	0.016671417	0.23925	6.0	455.7511782646179
105	300.41223	53.16022	351.97003	211.8142	1000.0	28.43566	9.786464	54.389053	-33.758797	424000	2.3841858e-08	199.77296	-0.017279465	-40.40027	3.8706834	0.01680984	0.22675	5.0	459.9586503505707
106	220.83644	103.0108	315.83215	47.778908	1000.0	25.85854	9.381038	49.999813	-35.90874	428000	-2.7894973e-08	309.01477	-0.013357996	-126.604706	3.8369536	0.020232292	0.23175	4.0	463.72595953941345
107	337.84534	35.648613	382.1749	282.80576	1000.0	26.474934	10.207502	54.316063	-42.687565	432000	2.682209e-08	284.23282	-0.04427073	-78.6658	3.8177087	0.016379483	0.254	19.0	467.99896001815796
108	316.03452	42.904797	372.74176	252.65631	1000.0	30.087845	7.456839	51.830154	-33.610027	436000	1.5497207e-08	163.49261	-0.01623625	-25.042023	3.8804526	0.016035717	0.2085	5.0	472.382625579834
109	213.06082	160.96532	450.90762	23.815857	1000.0	25.370789	12.409501	52.513374	-45.32309	440000	-1.3351441e-08	451.64157	-0.014736473	-161.16531	3.843276	0.017532386	0.1955	5.0	476.58024740219116
110	257.31998	86.39334	383.06604	140.90363	1000.0	23.54974	15.28325	54.571106	-48.737255	444000	3.8146974e-09	292.62952	-0.044340838	-76.995056	3.852411	0.014849001	0.2145	19.0	481.32441997528076
111	301.20792	50.63712	352.9369	230.14474	1000.0	23.4629	9.685877	52.52844	-50.775814	448000	1.4781952e-08	227.37547	-0.03042286	-69.75568	3.7751148	0.017022459	0.20675	10.0	485.38003158569336
112	353.44827	22.21846	379.32544	321.3352	1000.0	27.903313	4.190147	46.302998	-14.886016	452000	-8.34465e-09	187.08904	-0.015265674	-55.260406	3.7360182	0.016978553	0.21375	5.0	489.45392775535583
113	213.41408	90.943565	299.64114	79.11395	1000.0	27.110832	11.95828	56.082283	-40.978516	456000	-6.437302e-09	459.8318	-0.052202325	-239.45094	3.7720616	0.01556541	0.26975	27.0	493.52914690971375
114	339.62595	32.500584	391.0467	302.98395	1000.0	26.359983	9.305939	36.313972	-31.990692	460000	-1.013279e-08	300.14624	-0.039489582	-162.57068	3.7904334	0.016909214	0.2245	16.0	497.55090403556824
115	315.10757	28.97677	357.26312	279.2754	1000.0	28.875574	8.158605	52.60434	-41.773163	464000	-1.9550324e-08	198.83028	-0.047086492	-49.20862	3.7942271	0.016086232	0.24525	22.0	501.732625246048
116	411.0477	28.2481	440.87662	376.38733	1000.0	29.805845	4.8866515	43.947655	-11.348797	468000	-6.198883e-09	285.9323	-0.03692142	-116.0224	3.7276886	0.016058965	0.22375	14.0	506.02455043792725
117	308.49637	141.35455	509.91913	116.71786	1000.0	34.84147	10.907469	59.730206	-40.10947	472000	-9.059906e-09	398.78806	-0.026496628	-130.29105	3.746685	0.015049067	0.20075	8.0	510.1573567390442
118	364.0394	33.142036	393.3265	308.53177	1000.0	32.6461	8.931679	61.86685	-36.6072	476000	2.002716e-08	167.25447	-0.01446664	-43.509377	3.7075076	0.016196683	0.2265	5.0	514.407464504242
119	274.6304	160.25507	422.21277	26.155888	1000.0	31.416296	12.851509	64.009285	-34.7431	480000	1.9073486e-08	637.30316	-0.07422775	-306.10004	3.635762	0.011884269	0.358	79.0	518.6241769790649
120	454.73196	23.10346	484.59286	419.74835	1000.0	30.5345	13.969049	59.061626	-54.218693	484000	2.3841857e-09	422.72522	-0.042226136	-198.17468	3.6106899	0.015168015	0.256	16.0	523.374742269516
121	413.5818	75.8488	496.04272	295.4065	1000.0	40.47594	11.872728	68.69872	-47.04272	488000	5.722046e-09	278.3512	-0.071194924	-56.884888	3.5823746	0.015558477	0.35425	63.0	528.0159666538239
122	430.1881	95.104996	555.87134	315.78278	1000.0	36.974335	9.713509	63.250835	-39.706676	492000	1.9609928e-08	313.9851	-0.044442076	-68.077255	3.5570767	0.017024413	0.2465	19.0	531.9132344722748
123	437.07828	49.319378	500.453	387.1627	1000.0	39.372448	10.471684	73.16812	-34.19961	496000	-2.1457673e-08	238.57019	-0.01831256	-33.388123	3.534333	0.01825636	0.178	5.0	535.8879675865173
124	454.71503	100.59314	598.62915	342.36957	1000.0	41.37537	12.554191	70.57148	-33.3635	500000	-3.8146974e-09	414.82938	-0.046511006	-84.9718	3.5180295	0.016481688	0.266	22.0	540.3355948925018
125	503.67102	94.16876	636.0433	379.829	1000.0	43.18088	14.066087	77.24225	-22.051186	504000	-5.3644182e-09	349.13275	-0.041691203	-61.943726	3.5368726	0.015995277	0.2445	17.0	544.4329719543457
126	364.9572	45.936726	442.88443	323.88022	1000.0	38.172775	12.116452	75.64695	-36.359562	508000	-8.404255e-09	283.30322	-0.018637938	-69.173096	3.478122	0.015759606	0.16875	5.0	548.8214292526245
127	502.3311	77.46485	574.924	381.3834	1000.0	37.30446	9.94087	70.39509	-30.996563	512000	9.894371e-09	338.62823	-0.061354373	-115.667465	3.4866478	0.015492036	0.3125	36.0	553.5851602554321
128	507.9499	77.07619	604.8195	412.21262	1000.0	42.561726	9.968708	78.167206	15.306426	516000	-2.002716e-08	229.14952	-0.030056309	-32.904907	3.4273262	0.017179737	0.2035	10.0	557.7889039516449
129	351.67206	130.38388	497.16226	144.00117	1000.0	43.990772	20.187536	82.59793	-41.232502	520000	-3.9100648e-08	943.4685	-0.019473875	-491.08057	3.4294322	0.014373091	0.2125	6.0	561.8910489082336
130	510.41577	171.13673	746.21124	267.64056	1000.0	38.280453	15.176526	67.49025	-39.917915	524000	-1.1205673e-08	614.56464	-0.018962052	-294.54163	3.4386177	0.01739701	0.23325	5.0	566.6320381164551
131	581.886	82.24727	680.72986	495.4177	1000.0	52.21686	17.299286	78.79051	-22.280775	528000	-2.6941299e-08	275.70413	-0.051943842	-72.07071	3.4510136	0.015824916	0.295	27.0	571.0978212356567
132	628.5685	135.76724	824.00684	443.89066	1000.0	53.385323	15.748861	76.39468	-38.49793	532000	-2.3424626e-08	571.4933	-0.040120833	-161.77155	3.4480927	0.016339121	0.245	16.0	575.3912110328674
133	547.6749	82.58144	674.1941	462.7448	1000.0	42.215824	19.738611	82.83288	-4.676932	536000	1.1920929e-08	366.053	-0.04948601	-103.326355	3.4522297	0.016236657	0.28525	22.0	579.7359580993652
134	516.33734	123.3429	705.11456	359.11688	1000.0	53.16905	21.6128	85.799934	-34.9442	540000	-1.3828277e-08	733.89185	-0.049861435	-340.4043	3.3413815	0.015187238	0.2805	23.0	584.275484085083
135	588.02625	224.39178	904.7799	333.70157	1000.0	45.300804	26.435438	80.823326	-66.56724	544000	1.0490417e-08	716.70435	-0.040544897	-177.00635	3.3778603	0.016678296	0.24675	16.0	588.7056288719177
136	663.6299	110.08742	776.16705	500.16788	1000.0	60.726063	18.003553	89.0024	-16.053043	548000	-4.4107438e-09	301.20532	-0.013022669	-54.94594	3.3600082	0.016251251	0.19125	4.0	592.9799253940582
137	551.0063	153.49287	748.1184	317.27502	1000.0	52.683403	24.075195	85.86947	-59.102818	552000	-9.536744e-10	468.46198	-0.015222972	-75.302826	3.3120935	0.019644048	0.21825	5.0	597.2867603302002
138	527.01013	31.260757	581.11224	506.95847	1000.0	45.89421	13.537223	85.56753	-32.019306	556000	8.404255e-09	184.62297	-0.042500045	-32.141876	3.3497534	0.015407428	0.2775	20.0	601.6666204929352
139	475.2697	235.74927	802.0135	215.15472	1000.0	50.060215	20.940647	83.881165	-67.36706	560000	-1.9788741e-08	818.05804	-0.041703075	-210.73706	3.2968082	0.01594417	0.24225	16.0	606.3650426864624
140	682.16956	128.3545	878.6938	532.3273	1000.0	51.353477	18.08216	87.097046	-32.8169	564000	-6.198883e-09	459.406	-0.029496657	-176.40942	3.2692316	0.01750227	0.17175	9.0	611.677084684372
141	692.101	141.88455	916.7367	527.39606	1000.0	56.479042	18.150188	89.11452	6.420884	568000	5.9604646e-09	413.98245	-0.027285375	-74.83551	3.2753377	0.016239699	0.191	10.0	615.8437385559082
142	722.332	88.0425	857.5798	619.1049	1000.0	67.081345	23.635887	95.28947	-21.1018	572000	-7.152557e-09	466.4349	-0.07061707	-58.705994	3.2651086	0.009601133	0.38825	79.0	620.7164688110352
143	629.2352	82.93122	726.84973	534.2301	1000.0	61.087467	21.631859	93.85533	-45.510452	576000	7.987023e-09	438.91324	-0.036922187	-85.03754	3.1909359	0.015671022	0.2285	13.0	625.229617357254
144	742.59326	205.14117	1060.4631	489.57004	1000.0	62.51436	20.933767	91.89275	-19.165174	580000	-5.722046e-09	410.18762	-0.018821761	-70.715546	3.102252	0.015024952	0.234	6.0	629.0240495204926
145	642.16364	115.86721	839.5128	542.05597	1000.0	54.14234	22.0459	94.945335	17.973372	584000	-1.001358e-08	291.3233	-0.019595316	-24.299011	3.1621242	0.01639875	0.193	7.0	633.2057111263275
146	539.749	238.84334	835.2285	168.28165	1000.0	53.96896	22.009869	96.22382	-23.818062	588000	-1.5735626e-08	648.2071	-0.044966057	-245.01648	3.1403825	0.015334043	0.27775	22.0	637.4602949619293
147	747.7435	301.18903	1138.1418	394.32788	1000.0	63.61694	23.976551	96.17555	-35.24878	592000	3.5762786e-09	641.92053	-0.070427	-93.11725	3.1205795	0.014479466	0.373	79.0	642.1483383178711
148	863.74023	211.25833	1069.677	517.3666	1000.0	72.44101	25.491072	98.9679	-30.36513	596000	-1.2397766e-08	630.7191	-0.016065348	-137.96768	3.1200082	0.02004615	0.22925	4.0	646.3686628341675
149	596.97784	206.73856	897.34814	315.39694	1000.0	57.35483	26.386875	105.04084	-24.302816	600000	-1.7881394e-08	303.68845	-0.019437263	-56.596237	3.0698915	0.017311474	0.19425	6.0	650.5442042350769
150	707.7716	280.82422	1191.1927	505.72934	1000.0	55.55069	26.901205	103.31828	-11.65833	604000	-9.536744e-10	502.05005	-0.01447227	-101.98642	3.1264448	0.017894637	0.226	4.0	655.0031797885895
151	685.9664	112.49639	872.72723	573.15466	1000.0	64.56887	24.961437	106.11455	20.213661	608000	8.5830685e-09	363.67816	-0.028792333	-64.91226	3.0714846	0.016049294	0.251	10.0	659.2234106063843
152	727.8103	194.95847	1033.1901	497.27545	1000.0	64.20347	26.52464	104.8119	-19.341871	612000	-2.6226044e-08	458.20795	-0.025572067	-43.81555	3.1137636	0.015461225	0.19025	8.0	663.4470653533936
153	963.46814	208.50569	1166.2383	624.2784	1000.0	73.5827	25.785784	105.07325	30.701597	616000	-2.3841857e-09	604.45013	-0.04365302	-262.87045	3.0132368	0.016555363	0.26775	19.0	667.6456825733185
154	1073.8152	126.48871	1168.0281	858.4113	1000.0	103.37719	22.912981	114.212265	-30.236876	620000	8.5830685e-09	672.03064	-0.034481086	-78.27869	3.0692928	0.015751645	0.24325	14.0	671.7333388328552
155	1002.09424	276.49423	1247.4259	538.97107	1000.0	94.85541	30.446384	112.58659	-31.846188	624000	-2.1457673e-08	1187.7987	-0.052937206	-184.2301	3.0344324	0.015336004	0.29875	32.0	676.2884941101074
156	951.43744	322.24387	1210.6045	411.98322	1000.0	76.786095	41.39596	113.01899	-36.14157	628000	-4.4107438e-09	938.33527	-0.042869955	-216.90826	3.0449805	0.016204387	0.2475	18.0	680.667277097702
157	974.25586	308.34897	1257.2573	504.84512	1000.0	87.66411	43.84032	119.03486	-72.95057	632000	1.2397766e-08	1292.8345	-0.012835753	-276.38855	2.9870179	0.017682666	0.221	4.0	684.8560953140259
158	730.53784	186.02933	956.0037	512.11755	1000.0	60.934383	30.33692	118.535446	5.116575	636000	1.1920929e-08	332.27087	-0.020422466	-50.42389	3.0321286	0.016688172	0.262	6.0	689.419385433197
159	804.2206	223.30591	1117.6265	560.44666	1000.0	79.66828	35.622883	119.23968	-23.547178	640000	-3.3378602e-09	780.3318	-0.016303273	-231.68964	3.020957	0.01767022	0.20025	5.0	693.587774515152
160	1090.0022	133.89978	1261.457	893.5633	1000.0	85.3345	23.670284	115.60463	-11.553984	644000	-2.026558e-09	907.61584	-0.04285107	-430.1962	2.9718008	0.01623078	0.25925	17.0	698.457757472992
161	964.7614	212.41246	1233.8495	684.87146	1000.0	84.00337	40.297337	121.081406	-20.147661	648000	2.193451e-08	591.172	-0.01580723	-96.07443	2.9701436	0.016793076	0.24075	4.0	702.414838552475
162	876.97095	296.66843	1355.0596	579.13947	1000.0	72.2413	35.000286	121.06902	15.571919	652000	-9.536743e-09	493.84372	-0.03437376	-66.04706	2.958169	0.01778519	0.264	13.0	706.7065236568451
163	873.83264	265.3206	1207.6354	611.1205	1000.0	84.525566	35.700645	124.02173	-13.049219	656000	3.3378602e-09	791.2159	-0.027893085	-167.49188	2.9183822	0.016289163	0.2045	9.0	711.2070269584656
164	1073.7706	354.7862	1428.9274	591.32184	1000.0	87.96243	27.308872	120.3172	15.561546	660000	-1.4781952e-08	1038.6367	-0.033955876	-272.3722	2.9292796	0.01633218	0.26025	15.0	715.5566484928131
165	861.1721	161.30666	1000.3293	590.7455	1000.0	79.25155	41.13405	127.148895	-18.88772	664000	7.1525574e-10	753.0012	-0.06892385	-139.93048	2.906962	0.007718171	0.38225	79.0	720.3640022277832
166	969.8308	216.84267	1308.2672	708.93365	1000.0	82.50356	37.99324	126.022865	-26.199753	668000	6.6757204e-09	610.8977	-0.015336851	-90.46228	2.9394174	0.019590352	0.226	4.0	724.7704632282257
167	946.01074	290.8946	1263.8785	534.80005	1000.0	86.81833	38.42476	126.08141	4.3306484	672000	-2.0623206e-08	529.79913	-0.036636494	-42.822052	2.9250321	0.016050393	0.25125	15.0	729.2752270698547
168	1137.5283	204.58615	1373.2574	870.16565	1000.0	105.03117	27.05801	124.78728	-19.09154	676000	6.3180923e-09	935.0328	-0.011952811	-92.217896	2.9338796	0.01880503	0.22025	4.0	733.7025246620178
169	1027.2687	292.5761	1475.1603	655.48834	1000.0	85.67315	35.226368	124.67859	30.720318	680000	-1.8835069e-08	644.6099	-0.026889192	-99.000244	2.8686688	0.017359696	0.21875	11.0	738.0499355792999
170	1212.4264	219.32228	1442.962	852.21954	1000.0	111.5945	29.074926	128.73389	26.29185	684000	-6.198883e-09	995.1351	-0.06543085	-110.08307	2.8617008	0.0074124564	0.35075	79.0	743.2445983886719
171	1219.2726	125.35094	1389.4583	1036.5875	1000.0	112.977264	25.762667	130.76872	-9.197621	688000	-2.0503998e-08	1074.7635	-0.045558896	-124.26642	2.844006	0.01607288	0.2785	20.0	747.7034378051758
172	1000.1913	235.69008	1338.9858	690.76654	1000.0	94.24639	35.941727	130.26991	-5.7044945	692000	1.26361845e-08	928.575	-0.023282073	-147.38464	2.8423193	0.014115163	0.165	7.0	751.4465305805206
173	1133.195	301.9718	1399.1266	627.8815	1000.0	92.20253	36.839226	129.8756	-26.293676	696000	1.2397766e-08	830.59326	-0.014252245	-183.59961	2.838932	0.016796716	0.2175	4.0	755.492401599884
174	915.6206	206.67155	1179.2155	692.68744	1000.0	90.265686	40.943752	133.84056	-29.77199	700000	-4.9471854e-08	1012.67505	-0.019702183	-250.7348	2.8482451	0.014938627	0.2025	6.0	759.5521302223206
175	1217.5787	145.70193	1386.6056	990.64307	1000.0	98.31956	26.633821	130.06683	3.1324708	704000	6.437302e-09	936.96344	-0.073866405	-299.201	2.7555406	0.013436054	0.37725	79.0	764.1823782920837
176	911.44714	317.9386	1413.8633	617.9507	1000.0	79.44196	44.11639	133.4239	-13.215387	708000	3.1471252e-08	897.234	-0.035837993	-116.599976	2.7628126	0.01565754	0.241	12.0	768.7179970741272
177	878.6768	338.12573	1390.6075	566.5481	1000.0	74.94753	37.361412	133.20807	14.597302	712000	-8.34465e-09	483.17038	-0.014533344	-64.05594	2.7325666	0.015250003	0.21375	4.0	773.0819315910339
178	1065.5107	261.40866	1319.0726	686.85297	1000.0	102.580154	34.212166	134.20831	-13.83008	716000	5.9604646e-09	1001.8	-0.019000245	-171.2331	2.7575731	0.014271245	0.21	6.0	777.3773038387299
179	1092.7992	341.51974	1418.4865	589.7213	1000.0	88.316826	33.370155	132.49265	-0.5102627	720000	4.7683715e-09	813.51764	-0.010291197	-169.4032	2.7041218	0.01665797	0.2235	3.0	781.5822675228119
180	970.67316	249.84927	1246.3223	662.04083	1000.0	91.599266	36.94024	135.60414	5.983611	724000	-9.536744e-10	571.93933	-0.010430588	-82.016235	2.7034976	0.016685216	0.19	3.0	786.512698173523
181	1186.9518	361.10748	1559.7546	737.6375	1000.0	96.36753	33.921417	132.97006	31.52697	728000	3.33786e-08	969.9092	-0.011653896	-216.65704	2.721299	0.019056316	0.26825	4.0	790.7747094631195
182	1121.3947	330.81845	1519.4573	757.8322	1000.0	100.32777	42.912956	139.78273	6.992071	732000	3.8146974e-09	816.68494	-0.009620062	-93.47174	2.7012148	0.018400406	0.2655	3.0	794.8661160469055
183	936.74805	315.34573	1480.0201	703.14716	1000.0	79.30669	42.053223	140.43452	-11.746773	736000	-1.07288365e-08	651.10376	-0.016926335	-67.033875	2.6606677	0.017209586	0.216	5.0	799.480509519577
184	1306.561	316.20578	1640.0493	932.1127	1000.0	111.60951	38.667862	141.65837	21.214064	740000	2.6226044e-09	911.284	-0.012074459	-171.32349	2.764782	0.02151372	0.239	4.0	803.8197882175446
185	1154.2036	314.11496	1554.9828	675.8697	1000.0	102.601944	50.13763	147.96416	3.7101479	744000	1.7881394e-08	729.5396	-0.013312186	-56.671875	2.692106	0.010609452	0.196	4.0	808.1453356742859
186	1460.8223	190.38821	1657.9813	1175.1276	1000.0	131.66313	34.132343	148.26866	-10.57663	748000	4.4584276e-08	1029.8392	-0.0123131275	-102.0766	2.709393	0.019532615	0.2595	4.0	812.0945723056793
187	1209.615	322.617	1563.9607	700.9798	1000.0	114.99857	49.988483	151.16054	21.22125	752000	-1.8209219e-08	998.0472	-0.010751187	-166.22986	2.71006	0.019191433	0.214	3.0	816.1898257732391
188	1312.4608	298.74506	1609.8536	839.6823	1000.0	117.651726	39.7232	148.02866	-2.4694295	756000	2.336502e-08	1111.3018	-0.008508597	-212.87848	2.7383919	0.01944571	0.254	3.0	820.2906539440155
189	1076.8501	365.3481	1629.4153	672.14087	1000.0	90.823654	53.889664	148.9492	-18.815716	760000	5.00679e-09	646.6205	-0.017647652	-84.040344	2.6815703	0.01635822	0.2175	5.0	824.458292722702
190	1292.2449	408.916	1688.6488	651.448	1000.0	112.368454	46.404552	149.27267	-2.3515072	764000	-3.695488e-09	1114.4296	-0.010939042	-109.236084	2.6382837	0.02031826	0.28025	3.0	829.2545480728149
191	1359.9828	333.8658	1620.6613	794.1596	1000.0	123.02144	43.406105	153.004	14.0951805	768000	-2.1457673e-08	820.60425	-0.013477018	-78.60101	2.687609	0.01903452	0.27325	4.0	833.3697745800018
192	1158.7031	222.55261	1510.661	895.0721	1000.0	104.31747	52.222393	152.43425	-23.765518	772000	3.3378602e-09	1307.2871	-0.030093953	-195.88892	2.652395	0.015595045	0.2445	10.0	837.4920535087585
193	1290.3821	268.13477	1588.6284	942.11444	1000.0	112.6314	44.87405	152.41216	-5.9497967	776000	-7.629395e-09	846.64056	-0.012875608	-113.84784	2.6727724	0.022700803	0.233	4.0	841.7578563690186
194	1185.248	380.195	1559.4741	656.73315	1000.0	113.817764	44.375385	153.3651	17.68148	780000	9.894371e-09	901.9412	-0.013640674	-149.34906	2.650086	0.015993359	0.26525	4.0	845.7671375274658
195	1454.8417	123.71017	1621.2429	1282.2224	1000.0	126.70614	27.756977	150.31221	16.844633	784000	3.7074088e-08	863.531	-0.012922692	-197.60419	2.6789045	0.01666152	0.219	4.0	849.7589344978333
196	1360.1718	357.74023	1749.3351	778.71576	1000.0	116.952034	50.231308	153.0072	-40.80897	788000	2.1457671e-09	1001.9636	-0.017124934	-182.97137	2.7241807	0.016634442	0.2175	6.0	854.1233668327332
197	1272.2201	257.5222	1592.2668	872.7723	1000.0	109.60268	48.85325	154.06624	-21.960201	792000	-3.0994416e-09	792.57104	-0.024941789	-76.46582	2.6795747	0.017136302	0.22825	8.0	858.504120349884
198	1193.9753	527.36914	1717.9972	566.8982	1000.0	105.76983	51.078106	155.98973	0.3536322	796000	4.053116e-09	826.4977	-0.055663623	-62.45166	2.6205552	0.0075163487	0.337	79.0	863.045083284378
199	1496.8484	99.66093	1603.8464	1387.3344	1000.0	141.41884	30.994246	156.74348	-7.7457533	800000	3.6239623e-08	1248.5748	-0.02536816	-131.0929	2.6287768	0.019480655	0.236	10.0	867.050564289093
200	1272.0472	333.2408	1759.0717	829.34357	1000.0	118.525085	44.209198	154.04158	-0.71735895	804000	-3.5762787e-10	1424.0916	-0.011377998	-185.52002	2.6320267	0.019116804	0.24625	3.0	872.1809663772583
201	1493.222	379.03006	1768.0858	839.67126	1000.0	123.082924	41.168182	154.18806	13.63175	808000	-2.6464463e-08	1304.01	-0.038382575	-246.97058	2.6002352	0.016220203	0.266	19.0	876.4931228160858
202	1422.2721	501.14722	1813.7625	569.62714	1000.0	128.73457	44.198704	158.48938	35.459297	812000	-1.2874604e-08	1538.7817	-0.013085623	-171.83325	2.5850296	0.018908389	0.30975	4.0	880.6016964912415
203	1427.086	514.194	1794.397	540.0575	1000.0	129.7672	46.504642	163.31429	4.5179033	816000	-3.409386e-08	1272.5262	-0.010652962	-196.55579	2.585069	0.019027935	0.24875	3.0	885.0080201625824
204	1284.5912	264.63553	1687.8386	950.7927	1000.0	111.57025	61.51841	164.87407	10.729231	820000	1.001358e-08	770.93494	-0.017210161	-84.3277	2.5854902	0.016439078	0.21375	6.0	889.284973859787
205	1333.534	378.71655	1809.0518	778.99304	1000.0	121.85365	54.2195	163.90266	9.438073	824000	-1.692772e-08	1086.0348	-0.00922032	-119.15625	2.6139712	0.020121329	0.295	3.0	893.4965736865997
206	1299.8489	368.64148	1700.9305	850.01855	1000.0	119.307625	52.214676	162.19771	27.612698	828000	-1.4781952e-08	1079.1134	-0.032830805	-128.29718	2.6304326	0.01715714	0.24225	13.0	897.4288759231567
207	1737.7191	46.255802	1783.2695	1660.4009	1000.0	151.54837	8.6096115	161.80133	61.32533	832000	4.529953e-09	1473.1737	-0.027351368	-175.34058	2.5153623	0.016342564	0.241	12.0	901.7264709472656
208	1168.0078	169.95084	1454.8425	1031.3525	1000.0	113.764885	57.75509	164.80928	11.158804	836000	-1.0490417e-08	1339.8324	-0.014260702	-386.16742	2.5747862	0.0126645975	0.1955	4.0	905.8221445083618
209	1202.6256	370.5224	1641.5155	617.00214	1000.0	103.08989	52.44644	160.86623	-10.320361	840000	5.6028364e-09	757.02075	-0.016170535	-140.0971	2.5450692	0.017235614	0.22275	5.0	910.0619020462036
210	1515.3843	217.22568	1662.9753	1139.9102	1000.0	138.12726	36.997234	161.86847	19.83849	844000	1.3589859e-08	1084.9814	-0.03158269	-98.78821	2.5681074	0.01493999	0.30475	14.0	915.0219066143036
211	1367.4208	419.38528	1762.0065	677.35693	1000.0	124.46607	46.127872	161.04611	-6.71389	848000	2.5749207e-08	1270.8313	-0.06251903	-147.04578	2.5433428	0.005867043	0.35875	79.0	919.9529454708099
212	1499.2627	289.87317	1821.0508	1090.93	1000.0	132.90631	37.821667	160.36302	-16.553658	852000	-1.0967255e-08	1759.0524	-0.06887409	-282.02112	2.5138168	0.011241831	0.36075	79.0	924.7502918243408
213	1591.1431	217.38583	1855.2988	1256.139	1000.0	141.61876	39.938248	165.57999	-29.391333	856000	5.3644182e-09	1252.1117	-0.018771043	-245.73694	2.5583863	0.0154226385	0.24625	5.0	928.852689743042
214	1547.9501	330.43268	1869.2773	1115.007	1000.0	136.484	54.143055	167.04439	-53.344536	860000	-8.34465e-09	1535.5505	-0.012901565	-203.93408	2.5081477	0.014827659	0.21875	4.0	932.9770233631134
215	1639.7535	213.7768	1943.9172	1357.183	1000.0	152.38528	33.42044	168.85579	-30.934032	864000	1.9669534e-08	1603.1543	-0.028711889	-172.37708	2.5439942	0.015301419	0.2615	12.0	937.1146821975708
216	1329.6903	507.41458	1777.0984	513.59644	1000.0	119.43972	55.988903	168.59056	-17.47409	868000	1.37090685e-08	1096.5625	-0.0124181155	-135.31427	2.5574093	0.014221758	0.16875	4.0	941.5173141956329
217	1762.6782	101.3041	1833.942	1588.3649	1000.0	153.04758	25.466688	168.88985	4.418373	872000	1.0967255e-08	1688.9862	-0.011199564	-223.32727	2.510715	0.016646752	0.2635	3.0	945.8695044517517
218	1551.9851	209.19148	1776.917	1210.3687	1000.0	144.5402	48.722397	174.28363	18.970518	876000	-2.3841858e-08	1012.29364	-0.030574884	-127.371155	2.5088384	0.016712816	0.2355	12.0	950.1883490085602
219	1577.259	389.80457	1961.5691	958.527	1000.0	139.09457	51.122623	172.88608	9.608878	880000	3.2901763e-08	1314.7894	-0.03491277	-129.00696	2.4426162	0.015482107	0.234	17.0	954.3492250442505
220	1255.9645	647.1406	1954.3425	595.4772	1000.0	105.465706	68.979774	174.92903	2.472964	884000	3.3378602e-09	1353.277	-0.06124491	-237.38147	2.449841	0.0052979547	0.34525	79.0	960.2106220722198
221	1800.9368	23.42127	1829.669	1768.3488	1000.0	167.74274	10.866394	176.88042	64.81731	888000	2.9802322e-08	1399.6217	-0.05871074	-172.41663	2.456092	0.009874484	0.36375	79.0	965.1833863258362
222	1119.1007	542.213	1857.8207	593.673	1000.0	103.78435	60.84853	175.50035	22.171707	892000	-9.536744e-10	1008.952	-0.036433704	-181.15027	2.3985357	0.017447237	0.259	14.0	969.6292169094086
223	1581.5634	609.3569	1969.7416	526.8481	1000.0	131.2623	56.70783	174.51656	17.913292	896000	1.3351441e-08	1694.8989	-0.015697742	-294.50928	2.3946939	0.020872768	0.28975	4.0	973.906179189682
224	1417.9104	571.4507	1989.408	810.94104	1000.0	129.7119	61.86579	180.72833	4.394724	900000	2.2172928e-08	1489.495	-0.029476063	-301.93994	2.372389	0.015512119	0.23775	10.0	978.3568875789642
225	724.3739	108.47494	843.2397	548.0976	1000.0	58.33186	62.129158	182.04597	-7.9868207	904000	-1.9788741e-08	1487.3593	-0.014006365	-828.385	2.392165	0.017696096	0.212	4.0	982.6988301277161
226	1919.0397	59.638958	1982.5621	1843.9161	1000.0	129.61589	16.867773	175.748	27.865698	908000	4.5716764e-08	4234.624	-0.014074338	-2441.2207	2.3951979	0.023853116	0.2885	3.0	986.8009178638458
227	1448.2167	468.5042	1889.0747	741.7593	1000.0	137.55888	59.323036	182.3973	25.959913	912000	3.8266183e-08	1141.2834	-0.011102377	-118.7207	2.3774014	0.014702751	0.25	4.0	991.021164894104
228	866.22144	367.7878	1360.4275	495.6966	1000.0	82.09411	63.30251	179.43304	-15.22529	916000	7.033348e-09	730.34235	-0.011234365	-164.43683	2.3948104	0.02163023	0.2835	3.0	995.2174663543701
229	1459.2123	480.976	1951.8401	731.98303	1000.0	121.1478	55.32595	175.18724	-52.176968	920000	-3.015995e-08	1525.0087	-0.027234208	-223.9674	2.3872046	0.018374206	0.28175	10.0	999.7766270637512
230	1524.652	632.7398	1961.7238	433.6625	1000.0	130.51996	60.405853	178.80524	11.571289	924000	1.4424324e-08	1448.0312	-0.014323349	-268.64795	2.3297267	0.014960932	0.25875	4.0	1004.9022817611694
231	1843.3636	273.6737	2139.936	1397.9833	1000.0	168.41441	42.83861	185.32672	10.886078	928000	-1.2755394e-08	1534.8585	-0.009618786	-52.20703	2.353322	0.019167405	0.2585	3.0	1008.9630396366119
232	1461.6366	588.8247	2060.479	624.34985	1000.0	134.64955	71.67249	185.97754	-14.229361	932000	-5.2452087e-09	1736.8392	-0.018107014	-176.73743	2.3886812	0.017161507	0.2335	6.0	1013.2495312690735
233	1612.8638	526.77893	2053.1025	722.4751	1000.0	142.70647	59.815647	184.26831	-33.868732	936000	-7.390976e-09	1964.0028	-0.011215955	-160.36194	2.3407764	0.018717071	0.2345	3.0	1017.4975011348724
234	1877.8058	178.9183	2008.4799	1569.8107	1000.0	170.70718	28.769337	185.32681	-34.512383	940000	-1.1920929e-08	2098.204	-0.00995333	-205.8689	2.3848815	0.024813285	0.2915	3.0	1021.7800612449646
235	2010.3632	128.21751	2198.697	1845.2972	1000.0	169.90442	29.39689	185.13676	-23.914286	944000	-3.3378602e-09	2956.6028	-0.0149482535	-335.98267	2.3537035	0.018485377	0.2485	5.0	1026.1260118484497
236	1501.7335	297.64948	1943.4269	1125.9631	1000.0	119.2343	76.77023	192.21358	-19.298147	948000	-4.005432e-08	6197.871	-0.01640144	-2220.9885	2.3549905	0.01695064	0.2445	4.0	1030.2669298648834
237	1896.2189	65.28408	1991.794	1810.2089	1000.0	163.28328	39.55856	195.67111	-45.576077	952000	-2.2292138e-08	2578.5366	-0.014599507	-585.40894	2.3263574	0.015090746	0.17975	4.0	1034.5867502689362
238	1762.0642	596.22656	2199.5984	734.3255	1000.0	158.38553	51.356464	197.31883	15.351675	956000	7.867813e-09	1893.8912	-0.00972752	-243.69824	2.3977716	0.017632512	0.221	3.0	1038.6470665931702
239	1472.9772	348.9531	2019.6819	1111.4471	1000.0	127.1581	68.07555	198.19044	4.325317	960000	-1.3828277e-08	2659.044	-0.016080953	-320.9746	2.2859545	0.018780708	0.2375	4.0	1042.9139745235443
240	1523.1499	456.06702	1934.949	828.52234	1000.0	141.90701	65.63028	199.6225	8.4088125	964000	7.152557e-09	1337.5939	-0.016981933	-189.27014	2.3161888	0.018359318	0.25975	5.0	1048.0136725902557
241	1477.229	578.9394	2058.4407	771.31836	1000.0	129.35953	64.966545	198.825	9.430616	968000	-7.152557e-09	1499.5947	-0.01762471	-126.63403	2.288319	0.017877134	0.25975	6.0	1052.274248123169
242	1292.5864	461.50092	1827.9092	675.2731	1000.0	114.21508	69.36024	199.42491	5.210503	972000	-2.2768974e-08	1024.8767	-0.02181697	-121.67059	2.3650217	0.017709376	0.2	7.0	1056.429963350296
243	1828.6023	585.3414	2252.0627	822.91595	1000.0	157.74625	58.866337	200.21252	21.53604	976000	1.835823e-08	1998.3835	-0.019016558	-194.61182	2.3263886	0.017270312	0.24775	7.0	1060.5835423469543
244	1375.1494	687.98047	2147.1882	628.0217	1000.0	127.356186	75.845566	202.58832	13.0305	980000	-7.629395e-09	1517.5275	-0.014156743	-203.18091	2.3244526	0.014423771	0.18875	4.0	1064.639508008957
245	1652.4758	189.31693	1944.2621	1464.3749	1000.0	149.38806	58.113014	200.29915	25.638674	984000	-2.0980835e-08	1193.426	-0.019251766	-162.72058	2.3159692	0.015969522	0.24325	5.0	1068.833838224411
246	2034.5011	44.43012	2108.164	1993.8342	1000.0	184.5356	11.762602	200.18199	50.484055	988000	1.5497207e-08	1803.119	-0.01026233	-141.22156	2.3322022	0.018521054	0.27675	3.0	1072.9575996398926
247	1766.2238	501.69116	2096.452	900.0979	1000.0	159.62482	56.128803	199.71947	9.168747	992000	5.3167344e-08	1796.4182	-0.00866922	-97.92114	2.2959218	0.023865642	0.2745	3.0	1077.339280128479
248	1972.5869	63.338478	2031.207	1865.6232	1000.0	185.68806	9.1431675	200.13966	62.71822	996000	-1.2516975e-08	1889.5499	-0.015094199	-147.41125	2.2319257	0.015201565	0.252	5.0	1081.9850206375122
249	1806.6797	466.99014	2162.8547	1005.9098	1000.0	157.01042	52.1726	198.20361	25.953585	1000000	-2.193451e-08	1825.7328	-0.010844022	-156.90295	2.2803237	0.023729313	0.27925	3.0	1087.1223301887512
